28 26 2 0 2 3 4 5 6 7 1
29 27 2 5 2 3 4 1 6 7 0
28 25 3 5 2 3 4 0 6 7 1
28 24 4 5 2 3 4 6 0 7 1
26 23 3 6 2 3 4 5 0 7 1
26 22 4 6 2 3 4 0 5 7 1
24 20 4 5 2 3 4 1 0 7 6
26 22 4 1 2 3 6 0 5 7 4
25 22 3 1 2 3 6 5 0 7 4
25 22 3 1 2 3 6 5 7 4 0
25 21 4 1 2 3 6 5 7 0 4
31 28 3 0 2 3 4 5 6 1 7
27 25 2 7 2 3 4 5 6 1 0
27 24 3 7 2 3 4 5 6 0 1
27 23 4 7 2 3 4 5 0 6 1
25 22 3 1 2 6 4 5 0 7 3
25 22 3 1 2 6 4 5 7 3 0
25 21 4 1 2 6 4 5 7 0 3
27 24 3 1 2 3 4 0 6 5 7
24 22 2 1 2 3 4 7 6 5 0
24 21 3 1 2 3 4 7 6 0 5
24 20 4 1 2 3 4 7 0 6 5
22 18 4 2 1 3 4 5 0 7 6
23 19 4 1 2 3 0 6 5 7 4
23 19 4 1 2 3 4 6 5 0 7
25 21 4 0 2 3 4 6 5 7 1
25 21 4 1 2 0 4 6 5 7 3
23 20 3 6 2 3 4 1 5 7 0
21 17 4 0 2 3 4 1 5 7 6
23 20 3 1 2 3 6 4 5 7 0
23 19 4 1 2 3 0 4 5 7 6
22 18 4 1 2 3 0 5 7 6 4
24 20 4 0 2 3 4 5 7 6 1
24 20 4 1 2 0 4 5 7 6 3
23 19 4 1 2 3 4 0 7 6 5
21 17 4 1 2 0 4 5 7 3 6
21 18 3 6 1 3 4 5 2 7 0
19 15 4 0 1 3 4 5 2 7 6
19 15 4 1 3 0 4 5 2 7 6
20 18 2 1 2 3 4 6 5 7 0
19 16 3 1 2 3 4 0 5 7 6
19 17 2 1 2 3 4 5 7 6 0
19 16 3 1 2 3 4 5 7 0 6
17 15 2 1 2 3 4 5 0 7 6
17 14 3 1 0 3 4 5 2 7 6
16 13 3 1 5 3 4 6 2 7 0
15 11 4 1 5 3 4 0 2 7 6
14 10 4 1 5 3 4 2 0 7 6
13 9 4 1 0 3 4 2 5 7 6
13 8 5 1 3 0 4 2 5 7 6
14 10 4 1 6 0 4 5 3 7 2
13 9 4 1 0 6 4 5 3 7 2
12 8 4 1 3 6 4 5 0 7 2
12 7 5 1 3 6 4 0 5 7 2
16 12 4 1 3 6 7 2 0 5 4
16 12 4 1 5 3 7 2 0 6 4
13 9 4 1 3 0 7 2 5 4 6
13 9 4 1 3 4 7 2 0 5 6
17 13 4 5 3 4 7 2 0 6 1
14 10 4 1 3 4 7 5 0 6 2
15 12 3 1 3 6 7 2 5 4 0
15 11 4 1 3 6 7 2 5 0 4
15 11 4 1 0 3 7 2 5 6 4
15 12 3 1 3 7 4 2 5 6 0
15 11 4 1 3 7 0 2 5 6 4
12 8 4 1 3 4 7 2 5 0 6
14 10 4 0 3 4 7 2 5 6 1
13 9 4 1 3 4 7 0 5 6 2
13 10 3 1 3 0 7 2 5 6 4
9 7 2 1 3 4 7 2 5 6 0
10 6 4 1 3 4 0 2 5 6 7
9 5 4 1 3 0 4 2 5 6 7
9 5 4 1 3 6 4 2 5 7 0
9 4 5 1 3 6 4 2 5 0 7
8 3 5 1 3 6 4 2 0 5 7
8 2 6 1 3 6 4 0 2 5 7
5 0 5 1 3 6 4 7 2 5 0
