22 20 2 1 3 5 0 2 4 6 7
22 19 3 1 3 0 5 2 4 6 7
18 16 2 1 3 6 7 2 4 5 0
18 15 3 1 3 6 7 2 4 0 5
18 16 2 1 3 7 5 2 4 6 0
18 15 3 1 3 7 0 2 4 6 5
16 14 2 1 3 0 7 2 4 6 5
16 13 3 1 0 3 7 2 4 6 5
16 12 4 1 4 3 7 2 0 6 5
16 12 4 1 4 3 7 2 6 5 0
16 11 5 1 4 3 7 2 6 0 5
17 13 4 5 4 3 1 2 6 7 0
15 10 5 0 4 3 1 2 6 7 5
14 9 5 1 6 3 2 4 0 7 5
16 12 4 5 1 3 2 4 6 7 0
14 9 5 0 1 3 2 4 6 7 5
14 9 5 1 3 0 2 4 6 7 5
13 9 4 5 4 3 2 1 6 7 0
11 6 5 0 4 3 2 1 6 7 5
10 5 5 1 0 3 2 6 4 7 5
14 10 4 1 0 4 3 5 6 7 2
18 14 4 1 0 3 5 4 6 7 2
17 13 4 1 4 3 0 5 6 2 7
15 11 4 4 0 3 1 5 6 7 2
15 11 4 4 0 3 2 5 6 7 1
16 12 4 2 4 3 0 5 6 7 1
15 11 4 1 0 4 2 5 6 7 3
15 12 3 1 4 2 3 5 6 7 0
15 11 4 1 4 2 0 5 6 7 3
13 9 4 1 4 0 3 5 6 7 2
15 11 4 1 4 3 5 0 6 7 2
15 12 3 1 4 3 7 5 6 2 0
15 11 4 1 4 3 7 5 6 0 2
16 13 3 2 4 3 1 5 6 7 0
14 10 4 0 4 3 1 5 6 7 2
12 8 4 1 4 3 2 5 6 0 7
14 10 4 0 4 3 2 5 6 7 1
14 10 4 1 4 0 2 5 6 7 3
12 9 3 1 4 3 5 2 6 7 0
12 8 4 1 4 3 0 2 6 7 5
12 8 4 1 0 3 2 4 6 7 5
11 8 3 1 4 3 0 5 6 7 2
9 7 2 1 4 3 2 5 6 7 0
9 5 4 1 4 3 2 0 6 7 5
9 4 5 1 4 3 2 6 0 7 5
9 4 5 1 4 3 2 6 7 5 0
9 3 6 1 4 3 2 6 7 0 5
6 1 5 1 4 3 5 6 7 2 0
6 0 6 1 4 3 0 6 7 2 5
