35 33 2 1 2 3 4 0 6 7 5
37 35 2 5 2 3 4 1 6 7 0
35 32 3 0 2 3 4 1 6 7 5
35 31 4 2 0 3 4 1 6 7 5
33 30 3 1 0 3 4 2 6 7 5
33 29 4 0 1 3 4 2 6 7 5
31 27 4 5 0 3 4 1 6 7 2
31 27 4 6 0 3 4 5 1 7 2
33 29 4 0 1 3 2 5 6 7 4
24 21 3 1 0 3 2 5 6 7 4
24 20 4 1 3 0 2 5 6 7 4
26 23 3 3 2 0 4 5 6 7 1
26 22 4 3 0 2 4 5 6 7 1
27 24 3 1 2 0 4 3 6 7 5
27 23 4 1 0 2 4 3 6 7 5
23 19 4 1 6 3 0 5 2 7 4
25 21 4 0 6 3 4 5 2 7 1
25 21 4 1 6 0 4 5 2 7 3
24 20 4 1 6 3 4 0 2 7 5
29 26 3 1 6 3 4 2 5 7 0
28 24 4 1 6 3 4 0 5 7 2
28 25 3 1 6 3 4 5 7 2 0
28 24 4 1 6 3 4 5 7 0 2
31 27 4 2 1 3 0 5 6 7 4
31 27 4 2 1 3 4 5 6 0 7
33 29 4 2 1 0 4 5 6 7 3
32 28 4 2 1 3 4 0 6 7 5
29 26 3 5 1 3 4 2 6 7 0
28 24 4 5 1 3 4 0 6 7 2
30 26 4 6 1 3 4 5 0 7 2
29 26 3 4 1 3 2 5 6 7 0
29 25 4 4 1 3 0 5 6 7 2
26 23 3 1 3 7 4 5 6 2 0
26 22 4 1 3 7 4 5 6 0 2
26 23 3 1 3 4 2 5 6 7 0
26 22 4 1 3 4 0 5 6 7 2
23 19 4 1 3 2 0 5 6 7 4
25 21 4 0 3 2 4 5 6 7 1
24 20 4 1 3 2 4 0 6 7 5
20 18 2 1 6 3 4 5 2 7 0
21 17 4 1 6 3 4 5 2 0 7
26 23 3 1 6 3 4 5 0 7 2
28 26 2 2 1 3 4 5 6 7 0
26 23 3 0 1 3 4 5 6 7 2
24 22 2 1 0 3 4 5 6 7 2
24 21 3 1 3 0 4 5 6 7 2
20 18 2 1 3 2 4 5 6 7 0
21 17 4 1 3 2 4 5 6 0 7
20 16 4 1 6 3 4 5 0 2 7
20 16 4 1 3 0 4 5 6 2 7
18 15 3 1 0 3 4 5 6 2 7
18 14 4 0 1 3 4 5 6 2 7
12 8 4 7 1 3 2 5 6 4 0
14 11 3 7 1 3 4 5 6 2 0
14 10 4 7 1 3 4 5 6 0 2
12 7 5 7 1 3 0 5 6 4 2
12 6 6 7 1 0 3 5 6 4 2
11 5 6 7 0 1 3 5 6 4 2
9 2 7 7 5 1 3 0 6 4 2
6 0 6 7 5 1 3 2 6 4 0
