33 31 2 1 2 3 0 5 6 7 4
32 29 3 0 2 3 1 5 6 7 4
28 26 2 4 2 3 1 5 6 7 0
29 25 4 4 2 3 1 5 6 0 7
25 22 3 7 2 3 1 5 6 4 0
25 21 4 7 2 3 1 5 6 0 4
24 20 4 0 2 3 7 5 6 1 4
24 20 4 0 2 3 4 7 6 1 5
26 23 3 5 2 3 4 7 6 1 0
25 21 4 5 2 3 4 0 6 1 7
25 21 4 2 0 3 4 5 6 1 7
27 23 4 6 2 3 4 5 0 1 7
26 23 3 4 2 3 7 5 6 1 0
26 22 4 4 2 3 0 5 6 1 7
22 18 4 7 2 3 0 5 6 1 4
24 20 4 7 2 0 4 5 6 1 3
23 19 4 7 2 3 4 0 6 1 5
21 17 4 7 2 3 4 5 0 6 1
17 13 4 7 2 1 4 5 6 0 3
19 15 4 0 2 1 4 5 6 3 7
23 20 3 0 2 3 4 5 6 1 7
19 17 2 7 2 3 4 5 6 1 0
19 16 3 7 2 3 4 5 6 0 1
19 15 4 7 2 0 4 5 6 3 1
15 12 3 7 2 1 4 5 6 3 0
15 10 5 7 2 1 4 0 6 3 5
15 9 6 7 2 1 4 6 0 3 5
31 26 5 0 2 5 4 3 6 1 7
30 25 5 7 2 5 4 0 6 1 3
29 24 5 0 2 5 4 7 6 1 3
28 23 5 3 2 5 4 0 6 1 7
25 20 5 7 2 0 4 3 6 1 5
27 23 4 7 2 5 4 3 6 1 0
27 22 5 7 2 5 4 3 6 0 1
23 18 5 3 2 0 4 7 6 1 5
25 21 4 3 2 5 4 7 6 1 0
25 20 5 3 2 5 4 7 6 0 1
24 19 5 7 2 1 4 3 6 0 5
26 21 5 7 2 0 4 3 6 5 1
25 20 5 7 2 1 4 0 6 5 3
22 17 5 3 2 1 4 7 6 0 5
24 19 5 0 2 1 4 7 6 5 3
24 19 5 3 2 0 4 7 6 5 1
22 18 4 7 2 1 4 3 6 5 0
20 15 5 0 2 1 4 3 6 5 7
20 16 4 3 2 1 4 7 6 5 0
19 14 5 3 2 1 4 0 6 5 7
19 13 6 3 2 1 4 6 0 5 7
17 12 5 7 2 5 4 6 3 1 0
17 11 6 7 2 5 4 6 3 0 1
16 10 6 6 2 1 4 7 3 0 5
18 12 6 6 2 0 4 7 3 5 1
17 11 6 6 2 1 4 0 3 5 7
15 9 6 3 2 1 4 7 0 5 6
13 8 5 7 2 1 4 3 5 6 0
13 7 6 7 2 1 4 3 5 0 6
14 8 6 7 2 1 4 6 3 0 5
16 10 6 0 2 1 4 6 3 5 7
16 10 6 7 2 0 4 6 3 5 1
14 9 5 6 2 1 4 7 3 5 0
12 6 6 0 2 1 4 7 3 5 6
12 6 6 7 2 1 4 3 0 5 6
12 7 5 7 2 1 4 6 3 5 0
11 5 6 7 2 1 4 0 3 5 6
9 2 7 7 2 1 0 4 3 5 6
11 4 7 0 2 1 6 4 3 5 7
11 4 7 7 2 0 6 4 3 5 1
10 3 7 7 2 1 6 0 3 5 4
8 1 7 7 2 0 6 4 3 1 5
8 1 7 7 2 1 6 4 0 3 5
7 1 6 7 2 1 6 4 3 5 0
7 0 7 7 2 1 6 4 3 0 5
