20 18 2 0 2 3 4 5 6 7 1
21 19 2 5 2 3 4 1 6 7 0
20 17 3 5 2 3 4 0 6 7 1
20 16 4 5 2 3 4 6 0 7 1
22 19 3 7 2 3 4 5 1 6 0
22 18 4 7 2 3 4 5 1 0 6
18 16 2 1 6 3 4 5 2 7 0
17 13 4 0 6 3 4 5 2 7 1
21 17 4 0 2 3 4 1 5 7 6
23 20 3 1 0 3 4 5 2 7 6
23 21 2 1 2 3 4 5 7 6 0
23 20 3 1 2 3 4 5 7 0 6
21 19 2 1 2 3 4 5 0 7 6
21 18 3 1 2 3 4 0 5 7 6
18 16 2 1 2 3 4 6 5 7 0
17 13 4 0 2 3 4 6 5 7 1
21 17 4 7 2 3 4 5 0 1 6
16 12 4 6 0 3 4 5 2 7 1
17 14 3 6 2 3 4 1 5 7 0
16 12 4 6 2 3 4 0 5 7 1
18 14 4 0 2 3 4 5 7 1 6
14 11 3 6 2 3 4 5 0 7 1
14 11 3 6 2 3 4 5 7 1 0
14 10 4 6 2 3 4 5 7 0 1
14 9 5 6 2 0 4 5 7 3 1
10 6 4 6 2 1 4 5 7 3 0
11 5 6 6 2 1 0 5 7 3 4
11 6 5 4 2 1 6 5 7 3 0
9 3 6 0 2 1 6 5 7 3 4
10 4 6 5 2 1 6 4 7 3 0
9 2 7 5 2 1 6 0 7 3 4
9 3 6 5 2 1 6 7 3 4 0
9 2 7 5 2 1 6 7 3 0 4
8 1 7 5 2 1 6 7 0 3 4
8 0 8 5 0 1 6 7 2 3 4
