29 27 2 1 3 5 7 0 4 6 2
31 29 2 2 3 5 7 1 4 6 0
29 26 3 0 3 5 7 1 4 6 2
29 25 4 3 0 5 7 1 4 6 2
27 24 3 1 0 5 7 3 4 6 2
27 23 4 0 1 5 7 3 4 6 2
25 21 4 2 0 5 7 1 4 6 3
25 21 4 4 0 5 7 2 1 6 3
27 23 4 0 1 5 3 2 4 6 7
18 15 3 1 0 5 3 2 4 6 7
18 14 4 1 5 0 3 2 4 6 7
20 17 3 5 3 0 7 2 4 6 1
20 16 4 5 0 3 7 2 4 6 1
21 18 3 1 3 0 7 5 4 6 2
21 17 4 1 0 3 7 5 4 6 2
17 13 4 1 4 5 0 2 3 6 7
19 15 4 0 4 5 7 2 3 6 1
19 15 4 1 4 0 7 2 3 6 5
18 14 4 1 4 5 7 0 3 6 2
23 20 3 1 4 5 7 3 2 6 0
22 18 4 1 4 5 7 0 2 6 3
22 19 3 1 4 5 7 2 6 3 0
22 18 4 1 4 5 7 2 6 0 3
25 21 4 3 1 5 0 2 4 6 7
25 21 4 3 1 5 7 2 4 0 6
27 23 4 3 1 0 7 2 4 6 5
26 22 4 3 1 5 7 0 4 6 2
23 20 3 2 1 5 7 3 4 6 0
22 18 4 2 1 5 7 0 4 6 3
24 20 4 4 1 5 7 2 0 6 3
23 20 3 7 1 5 3 2 4 6 0
23 19 4 7 1 5 0 2 4 6 3
20 17 3 1 5 6 7 2 4 3 0
20 16 4 1 5 6 7 2 4 0 3
20 17 3 1 5 7 3 2 4 6 0
20 16 4 1 5 7 0 2 4 6 3
17 13 4 1 5 3 0 2 4 6 7
19 15 4 0 5 3 7 2 4 6 1
18 14 4 1 5 3 7 0 4 6 2
14 12 2 1 4 5 7 2 3 6 0
15 11 4 1 4 5 7 2 3 0 6
20 17 3 1 4 5 7 2 0 6 3
22 20 2 3 1 5 7 2 4 6 0
20 17 3 0 1 5 7 2 4 6 3
18 16 2 1 0 5 7 2 4 6 3
18 15 3 1 5 0 7 2 4 6 3
14 12 2 1 5 3 7 2 4 6 0
15 11 4 1 5 3 7 2 4 0 6
14 10 4 1 4 5 7 2 0 3 6
14 10 4 1 5 0 7 2 4 3 6
10 6 4 6 1 5 7 2 4 0 3
12 9 3 1 0 5 7 2 4 3 6
12 8 4 0 1 5 7 2 4 3 6
8 5 3 6 1 5 7 2 4 3 0
8 3 5 6 1 5 7 0 4 3 2
6 1 5 7 1 5 2 6 4 3 0
7 3 4 1 0 5 7 6 4 3 2
9 5 4 2 1 5 7 6 4 3 0
7 2 5 0 1 5 7 6 4 3 2
6 0 6 7 1 5 0 6 4 3 2
