47 45 2 0 3 5 7 2 4 6 1
48 46 2 2 3 5 7 1 4 6 0
47 44 3 2 3 5 7 0 4 6 1
47 43 4 2 3 5 7 4 0 6 1
45 42 3 4 3 5 7 2 0 6 1
45 41 4 4 3 5 7 0 2 6 1
43 39 4 2 3 5 7 1 0 6 4
45 41 4 1 3 5 4 0 2 6 7
43 39 4 1 2 5 7 3 0 6 4
42 39 3 1 3 5 4 2 0 6 7
42 39 3 1 3 5 4 2 6 7 0
42 38 4 1 3 5 4 2 6 0 7
48 45 3 0 3 5 7 2 4 1 6
44 42 2 6 3 5 7 2 4 1 0
44 41 3 6 3 5 7 2 4 0 1
44 40 4 6 3 5 7 2 0 4 1
44 41 3 1 3 5 7 0 4 2 6
41 39 2 1 3 5 7 6 4 2 0
41 38 3 1 3 5 7 6 4 0 2
41 37 4 1 3 5 7 6 0 4 2
42 39 3 4 1 5 7 2 3 6 0
40 36 4 0 1 5 7 2 3 6 4
40 36 4 1 5 0 7 2 3 6 4
42 38 4 1 3 5 0 4 2 6 7
42 38 4 1 3 5 7 4 2 0 6
44 40 4 0 3 5 7 4 2 6 1
44 40 4 1 3 0 7 4 2 6 5
42 39 3 4 3 5 7 1 2 6 0
40 36 4 0 3 5 7 1 2 6 4
42 39 3 1 3 5 4 7 2 6 0
42 38 4 1 3 5 0 7 2 6 4
42 38 4 1 0 5 7 3 2 6 4
39 35 4 1 3 5 0 2 6 4 7
41 37 4 0 3 5 7 2 6 4 1
40 36 4 1 3 5 7 0 6 4 2
37 33 4 1 3 0 7 5 2 6 4
38 35 3 1 0 5 7 2 3 6 4
39 37 2 1 3 5 7 4 2 6 0
38 35 3 1 3 5 7 0 2 6 4
36 34 2 1 3 5 7 2 0 6 4
36 34 2 1 3 5 7 2 6 4 0
36 33 3 1 3 5 7 2 6 0 4
36 32 4 1 3 0 7 2 6 5 4
33 29 4 1 3 0 7 2 6 4 5
33 30 3 1 3 4 7 5 2 6 0
32 28 4 1 3 4 7 0 2 6 5
32 29 3 1 3 4 7 2 6 5 0
32 28 4 1 3 4 7 2 6 0 5
31 27 4 1 4 0 7 2 3 6 5
30 27 3 1 3 4 7 2 0 6 5
30 26 4 1 0 4 7 2 3 6 5
28 23 5 1 2 4 7 0 3 6 5
26 21 5 1 2 4 7 5 0 3 6
28 24 4 6 2 0 4 5 3 7 1
28 23 5 6 2 4 0 5 3 7 1
30 25 5 6 2 0 1 5 3 7 4
27 22 5 3 2 4 1 5 0 7 6
23 18 5 5 2 6 4 3 0 7 1
23 18 5 2 3 6 4 5 0 7 1
23 18 5 2 6 0 4 5 3 7 1
24 19 5 4 2 0 6 5 3 7 1
27 22 5 5 2 0 4 1 3 7 6
24 19 5 3 2 6 4 1 0 7 5
24 19 5 1 2 0 6 4 3 7 5
24 19 5 1 3 6 4 2 0 7 5
24 19 5 1 6 0 4 2 3 7 5
25 20 5 1 2 0 5 4 3 7 6
21 16 5 1 2 6 5 3 0 7 4
21 16 5 1 2 0 7 5 3 6 4
21 16 5 1 2 6 7 5 0 3 4
25 20 5 4 2 0 1 5 3 7 6
22 17 5 3 2 6 1 5 0 7 4
18 13 5 1 3 2 6 5 0 7 4
18 13 5 1 2 0 7 5 3 4 6
20 15 5 1 2 6 0 5 3 4 7
24 19 5 1 0 7 4 5 2 3 6
25 21 4 1 2 7 4 6 5 3 0
24 19 5 1 2 7 4 0 5 3 6
25 21 4 1 3 2 4 6 5 7 0
24 19 5 1 3 2 4 0 5 7 6
24 20 4 1 3 2 4 5 7 6 0
24 19 5 1 3 2 4 5 7 0 6
21 16 5 1 0 2 4 5 3 6 7
21 16 5 1 2 4 0 5 3 6 7
21 16 5 1 0 6 4 5 2 3 7
22 18 4 1 2 6 4 7 5 3 0
21 16 5 1 2 6 4 0 5 3 7
25 20 5 3 0 6 4 5 2 7 1
26 22 4 3 2 6 4 1 5 7 0
25 20 5 3 2 6 4 0 5 7 1
25 21 4 3 2 6 4 5 7 1 0
25 20 5 3 2 6 4 5 7 0 1
22 17 5 1 0 6 4 3 2 7 5
22 18 4 1 2 6 4 3 7 5 0
22 17 5 1 2 6 4 3 7 0 5
24 19 5 1 2 7 0 5 3 6 4
26 21 5 0 2 7 4 5 3 6 1
25 20 5 1 2 7 4 0 3 6 5
25 21 4 6 1 2 4 5 3 7 0
23 18 5 0 1 2 4 5 3 7 6
24 19 5 1 2 4 6 5 3 0 7
26 21 5 0 2 4 6 5 3 7 1
25 20 5 1 2 4 6 0 3 7 5
26 22 4 1 2 4 5 6 3 7 0
25 20 5 1 2 4 5 0 3 7 6
25 21 4 1 2 4 7 5 3 6 0
25 20 5 1 2 4 7 5 3 0 6
26 22 4 6 2 4 1 5 3 7 0
24 19 5 0 2 4 1 5 3 7 6
22 17 5 5 2 6 4 0 3 7 1
22 17 5 2 0 6 4 5 3 7 1
23 18 5 4 2 6 0 5 3 7 1
23 19 4 5 2 6 4 1 3 7 0
21 16 5 0 2 6 4 1 3 7 5
23 18 5 1 2 6 0 4 3 7 5
23 18 5 1 0 6 4 2 3 7 5
21 17 4 1 2 6 5 4 3 7 0
20 15 5 1 2 6 5 0 3 7 4
20 16 4 1 2 6 7 5 3 4 0
20 15 5 1 2 6 7 5 3 0 4
21 17 4 4 2 6 1 5 3 7 0
19 14 5 0 2 6 1 5 3 7 4
17 12 5 1 0 2 6 5 3 7 4
17 12 5 1 2 7 0 5 3 4 6
19 14 5 1 2 0 6 5 3 4 7
22 18 4 1 2 7 4 5 0 3 6
22 18 4 1 3 2 4 5 0 7 6
19 15 4 1 2 0 4 5 3 6 7
19 15 4 1 2 6 4 5 0 3 7
23 19 4 3 2 6 4 5 0 7 1
20 16 4 1 2 6 4 3 0 7 5
21 18 3 1 2 7 4 5 3 6 0
21 17 4 1 2 7 4 5 3 0 6
21 17 4 1 0 2 4 5 3 7 6
21 18 3 1 2 4 6 5 3 7 0
21 17 4 1 2 4 0 5 3 7 6
18 14 4 1 2 6 4 5 3 0 7
20 16 4 0 2 6 4 5 3 7 1
19 15 4 1 2 6 4 0 3 7 5
19 16 3 1 2 0 4 5 3 7 6
15 13 2 1 2 6 4 5 3 7 0
16 12 4 1 2 6 0 5 3 7 4
15 11 4 1 2 0 6 5 3 7 4
15 11 4 1 2 7 6 5 3 4 0
15 10 5 1 2 7 6 5 3 0 4
14 9 5 1 2 7 6 5 0 3 4
14 8 6 1 0 7 6 5 2 3 4
12 5 7 1 5 7 6 0 2 3 4
9 3 6 1 5 7 6 4 2 3 0
8 0 8 0 5 7 6 4 2 3 1
