26 25 1 1 3 5 7 2 4 0 6
26 25 1 1 3 7 0 2 4 5 6
21 20 1 1 3 0 5 2 4 6 7
23 22 1 1 3 7 5 2 4 0 6
23 22 1 1 3 5 0 2 4 7 6
21 20 1 1 3 7 6 2 4 5 0
23 22 1 1 3 7 0 2 4 6 5
23 22 1 1 3 6 0 2 4 5 7
25 24 1 1 3 0 7 2 4 5 6
20 19 1 1 3 6 5 2 4 0 7
22 21 1 1 3 0 5 2 4 7 6
20 19 1 1 3 7 6 2 4 0 5
22 21 1 1 3 0 7 2 4 6 5
22 21 1 1 3 6 7 2 4 5 0
19 18 1 1 3 6 5 2 4 7 0
19 18 1 1 3 0 6 2 4 7 5
21 20 1 1 3 6 7 2 4 0 5
18 17 1 1 3 6 0 2 4 7 5
16 14 2 1 3 6 2 0 4 7 5
18 16 2 3 7 6 2 4 0 5 1
18 16 2 3 6 0 2 4 7 5 1
20 18 2 7 0 6 2 4 3 5 1
20 18 2 7 3 6 2 0 4 5 1
20 18 2 7 3 6 2 4 5 0 1
18 16 2 1 3 5 2 4 0 7 6
18 16 2 1 7 3 2 4 0 5 6
18 16 2 0 1 3 2 4 7 5 6
20 18 2 1 3 2 5 4 7 0 6
19 17 2 0 3 2 1 4 7 5 6
15 13 2 1 7 3 5 0 2 6 4
15 13 2 1 7 3 5 2 6 0 4
15 13 2 2 1 3 5 0 7 6 4
17 15 2 4 1 3 5 2 7 6 0
17 15 2 7 1 3 5 2 0 6 4
16 14 2 5 1 3 0 2 7 6 4
15 13 2 2 1 6 5 0 3 7 4
17 15 2 4 1 6 5 2 3 7 0
17 15 2 3 1 6 5 2 0 7 4
16 14 2 5 1 6 0 2 3 7 4
15 13 2 1 6 7 5 2 3 0 4
15 13 2 1 6 5 0 2 3 7 4
15 13 2 3 0 6 5 1 2 7 4
17 15 2 4 3 6 5 1 2 7 0
16 14 2 5 3 6 0 1 2 7 4
18 16 2 1 3 6 4 5 2 0 7
20 18 2 0 3 6 4 5 2 7 1
19 17 2 1 3 6 7 5 2 0 4
18 16 2 0 3 6 1 5 2 7 4
17 15 2 1 2 6 5 3 0 7 4
17 15 2 0 1 6 5 3 2 7 4
17 15 2 1 6 0 5 3 2 7 4
16 14 2 1 3 6 0 4 2 7 5
16 14 2 1 3 6 5 4 2 0 7
18 16 2 0 3 6 5 4 2 7 1
18 16 2 1 3 0 5 4 2 7 6
17 15 2 2 3 6 5 7 0 4 1
19 17 2 2 3 6 0 5 7 4 1
19 17 2 2 0 6 5 3 7 4 1
17 15 2 3 7 6 5 2 0 4 1
17 15 2 3 6 0 5 2 7 4 1
19 17 2 7 0 6 5 2 3 4 1
19 17 2 7 3 6 5 0 2 4 1
19 17 2 7 3 6 5 2 4 0 1
18 16 2 5 3 0 6 2 7 4 1
20 18 2 5 3 6 2 0 7 4 1
20 18 2 5 3 6 4 2 7 0 1
16 14 2 3 0 6 5 1 7 4 2
18 16 2 7 3 6 5 1 0 4 2
17 15 2 5 3 6 0 1 7 4 2
16 14 2 1 0 6 5 7 3 4 2
16 14 2 1 3 6 5 7 4 0 2
18 16 2 1 3 0 6 5 7 4 2
20 19 1 1 3 6 4 5 7 2 0
20 18 2 1 3 6 4 5 7 0 2
19 17 2 0 3 6 1 5 7 4 2
18 16 2 1 7 6 5 3 0 4 2
18 16 2 0 1 6 5 3 7 4 2
18 16 2 1 6 0 5 3 7 4 2
14 12 2 0 2 6 1 7 3 5 4
14 12 2 2 6 0 1 7 3 5 4
14 12 2 2 3 0 1 7 5 6 4
16 14 2 2 7 6 1 3 5 0 4
16 14 2 3 2 6 1 0 7 5 4
18 16 2 4 2 6 1 3 7 5 0
17 15 2 1 2 6 0 3 7 5 4
16 14 2 2 6 5 1 3 7 0 4
16 14 2 2 6 1 0 3 7 5 4
15 13 2 2 3 0 6 4 7 5 1
17 15 2 2 3 6 5 4 7 0 1
15 13 2 2 3 0 1 4 7 6 5
15 13 2 2 3 6 1 4 0 7 5
17 15 2 2 3 5 1 4 7 0 6
17 15 2 2 0 3 1 4 7 5 6
17 15 2 2 3 1 0 4 7 5 6
16 14 2 3 7 6 0 1 2 5 4
15 13 2 3 7 6 1 4 2 5 0
14 12 2 3 7 0 1 2 5 6 4
14 12 2 3 7 6 1 2 5 4 0
14 12 2 3 6 5 1 2 0 7 4
14 12 2 3 6 5 1 2 7 4 0
14 12 2 3 6 1 4 2 7 5 0
16 14 2 3 6 1 2 0 7 5 4
16 14 2 3 6 1 5 2 7 0 4
15 13 2 0 6 1 3 2 7 5 4
16 14 2 4 0 3 6 2 7 5 1
18 16 2 4 3 6 2 7 0 5 1
18 16 2 4 3 6 5 2 0 7 1
18 16 2 4 3 6 5 2 7 1 0
16 14 2 4 0 3 1 2 7 6 5
16 14 2 4 3 1 0 2 7 6 5
16 14 2 4 0 6 1 2 3 7 5
16 14 2 4 3 6 1 0 2 7 5
18 16 2 4 3 5 1 2 0 7 6
18 16 2 4 7 3 1 2 0 5 6
18 16 2 0 4 3 1 2 7 5 6
18 16 2 4 3 1 6 2 7 5 0
20 18 2 4 3 1 2 0 7 5 6
20 18 2 4 3 1 5 2 7 0 6
19 17 2 0 3 1 4 2 7 5 6
19 17 2 7 3 6 1 4 0 5 2
17 15 2 4 3 6 1 7 5 0 2
19 17 2 4 3 0 6 1 7 5 2
21 19 2 4 3 6 5 1 7 0 2
16 14 2 2 7 6 1 0 3 5 4
18 16 2 4 7 6 1 2 3 5 0
16 14 2 7 6 5 1 2 3 0 4
16 14 2 7 6 1 0 2 3 5 4
16 14 2 3 0 6 1 7 2 5 4
18 16 2 4 3 6 1 7 2 5 0
17 15 2 1 3 6 0 7 2 5 4
18 16 2 7 3 6 4 1 2 5 0
20 18 2 7 3 6 5 1 2 0 4
19 17 2 0 3 6 7 1 2 5 4
18 16 2 7 2 6 1 3 0 5 4
18 16 2 0 7 6 1 3 2 5 4
18 16 2 7 6 0 1 3 2 5 4
17 15 2 7 3 6 0 4 2 5 1
17 15 2 7 3 6 1 4 2 0 5
19 17 2 0 3 6 1 4 2 5 7
19 17 2 7 3 0 1 4 2 5 6
16 14 2 7 0 3 1 2 5 6 4
16 14 2 7 3 1 0 2 5 6 4
11 9 2 3 7 4 2 6 1 0 5
13 11 2 0 7 4 2 6 1 5 3
13 11 2 3 7 0 2 6 1 5 4
11 9 2 3 7 5 4 6 1 0 2
11 9 2 3 0 7 4 6 1 5 2
13 11 2 3 7 0 5 6 1 4 2
13 11 2 3 7 4 5 6 0 1 2
13 11 2 3 7 4 5 6 1 2 0
14 12 2 2 7 4 3 6 1 5 0
10 8 2 3 7 0 4 2 1 5 6
12 10 2 3 7 4 5 2 1 0 6
11 9 2 0 7 4 3 2 1 5 6
10 8 2 3 7 0 6 2 1 4 5
10 8 2 3 7 4 6 2 0 1 5
13 11 2 6 7 4 0 2 1 5 3
12 10 2 3 7 5 6 2 1 0 4
12 10 2 3 0 7 6 2 1 5 4
12 10 2 3 7 6 0 2 1 5 4
9 7 2 3 5 7 6 1 0 4 2
9 7 2 0 3 7 6 1 5 4 2
9 7 2 3 7 6 2 1 5 4 0
11 9 2 3 7 6 4 1 5 0 2
9 7 2 3 7 0 4 1 5 2 6
11 9 2 3 7 2 6 1 5 0 4
11 9 2 3 0 7 6 1 5 2 4
11 9 2 3 7 6 0 1 5 2 4
9 7 2 0 3 5 6 1 4 7 2
9 7 2 3 5 0 6 1 4 7 2
9 7 2 0 4 5 6 3 1 7 2
11 9 2 3 4 5 0 6 1 7 2
11 9 2 3 0 5 6 4 1 7 2
10 8 2 3 4 5 6 2 1 7 0
11 9 2 3 4 2 6 1 7 0 5
9 7 2 3 4 0 2 1 7 6 5
9 7 2 3 4 6 2 1 0 7 5
11 9 2 3 4 5 0 1 7 6 2
11 9 2 3 0 6 5 1 4 7 2
11 9 2 3 4 6 5 0 1 7 2
11 9 2 3 4 6 0 1 7 2 5
11 9 2 2 0 5 4 1 3 7 6
11 9 2 2 3 5 4 0 1 7 6
11 9 2 2 7 3 4 0 1 5 6
11 9 2 2 7 3 4 1 5 0 6
11 9 2 1 2 3 4 0 7 5 6
13 11 2 7 2 3 4 1 0 5 6
13 11 2 2 7 3 5 1 0 4 6
13 11 2 0 2 3 5 1 7 4 6
13 11 2 0 2 4 5 1 3 7 6
13 11 2 2 4 0 5 1 3 7 6
11 9 2 2 7 3 6 0 1 4 5
11 9 2 2 7 3 6 1 4 0 5
11 9 2 1 2 3 6 0 7 4 5
13 11 2 5 2 3 6 1 7 4 0
13 11 2 7 2 3 6 1 0 4 5
12 10 2 6 2 3 0 1 7 4 5
13 11 2 5 2 4 6 1 3 7 0
12 10 2 6 2 4 0 1 3 7 5
11 9 2 2 4 7 6 1 3 0 5
11 9 2 2 4 6 0 1 3 7 5
13 11 2 5 3 4 6 2 1 7 0
13 11 2 2 3 0 4 6 1 7 5
12 10 2 2 3 4 0 5 1 7 6
12 10 2 2 3 4 6 5 1 0 7
14 12 2 2 3 0 6 5 1 7 4
13 11 2 0 2 5 6 1 3 7 4
13 11 2 2 5 0 6 1 3 7 4
13 11 2 0 3 5 6 2 1 7 4
15 13 2 2 3 5 0 6 1 7 4
14 12 2 2 3 5 6 4 1 7 0
15 13 2 2 7 3 0 6 1 5 4
14 12 2 2 7 3 6 4 1 5 0
13 11 2 2 7 0 6 1 5 3 4
14 12 2 1 2 3 6 4 7 5 0
15 13 2 4 2 3 0 1 7 5 6
15 13 2 4 2 3 6 1 7 0 5
17 15 2 4 2 0 6 1 7 5 3
16 14 2 4 2 3 6 0 7 5 1
15 13 2 7 2 3 6 0 1 5 4
15 13 2 7 2 3 6 1 5 0 4
14 12 2 6 2 3 4 1 7 5 0
14 12 2 6 2 0 3 1 7 5 4
16 14 2 6 2 3 5 1 7 0 4
13 11 2 2 3 0 4 1 7 6 5
13 11 2 2 3 6 4 1 0 7 5
15 13 2 2 0 3 5 1 7 6 4
15 13 2 2 0 6 5 1 3 7 4
15 13 2 2 3 6 5 0 1 7 4
11 9 2 7 0 5 6 1 4 3 2
11 9 2 7 4 5 6 0 1 3 2
11 9 2 7 4 5 0 1 3 2 6
13 11 2 7 4 0 6 1 3 2 5
11 9 2 7 4 6 2 1 3 0 5
13 11 2 7 4 0 5 1 3 6 2
13 11 2 7 4 6 5 1 0 3 2
13 11 2 7 4 6 5 1 3 2 0
13 11 2 2 3 0 4 7 1 5 6
15 13 2 2 3 4 5 7 1 0 6
13 11 2 2 3 0 6 7 1 4 5
13 11 2 2 3 4 6 7 0 1 5
15 13 2 2 3 5 6 7 1 0 4
15 13 2 2 3 6 0 7 1 5 4
12 10 2 6 3 4 2 7 1 0 5
14 12 2 6 3 0 2 7 1 5 4
12 10 2 6 3 5 4 7 1 0 2
14 12 2 6 3 0 5 7 1 4 2
14 12 2 6 3 4 5 7 1 2 0
13 11 2 7 3 0 2 6 1 4 5
13 11 2 7 3 4 2 6 0 1 5
15 13 2 3 0 4 2 6 1 5 7
15 13 2 7 3 5 2 6 1 0 4
15 13 2 7 3 2 0 6 1 5 4
13 11 2 7 3 5 4 6 0 1 2
13 11 2 7 3 5 4 6 1 2 0
15 13 2 7 3 5 0 6 1 4 2
15 13 2 7 0 4 5 6 3 1 2
15 13 2 7 3 4 5 0 6 1 2
15 13 2 7 3 4 0 6 1 2 5
17 15 2 0 3 4 5 6 1 2 7
17 15 2 7 3 0 5 6 1 2 4
14 12 2 3 4 0 7 6 1 5 2
16 14 2 2 3 4 7 6 1 0 5
18 16 2 2 3 0 7 6 1 5 4
12 10 2 7 3 5 4 2 1 0 6
14 12 2 7 3 0 5 2 1 4 6
14 12 2 7 3 4 5 2 1 6 0
13 11 2 2 3 4 7 0 1 5 6
13 11 2 3 0 4 7 2 1 5 6
15 13 2 1 3 4 7 2 0 5 6
12 10 2 7 3 6 0 2 1 4 5
12 10 2 7 0 4 6 2 3 1 5
12 10 2 7 3 4 6 0 2 1 5
16 14 2 2 3 4 0 6 1 5 7
14 12 2 3 4 0 6 2 1 5 7
16 14 2 1 3 4 6 2 5 0 7
15 13 2 6 3 4 7 2 1 5 0
15 13 2 6 3 0 4 2 1 5 7
17 15 2 6 3 4 2 0 1 5 7
14 12 2 7 3 5 6 2 0 1 4
14 12 2 7 3 5 6 2 1 4 0
14 12 2 7 3 6 4 2 1 5 0
16 14 2 7 3 6 5 2 1 0 4
15 13 2 0 3 6 7 2 1 5 4
11 9 2 7 5 3 6 0 1 4 2
11 9 2 7 5 3 6 1 4 0 2
13 11 2 2 7 3 6 1 5 4 0
13 11 2 5 7 3 6 1 0 4 2
12 10 2 6 7 3 0 1 5 4 2
13 11 2 7 3 0 4 1 5 6 2
11 9 2 7 3 2 4 1 5 0 6
11 9 2 7 0 3 4 1 5 2 6
13 11 2 7 3 2 6 1 5 4 0
13 11 2 7 5 3 6 1 0 2 4
13 11 2 0 7 3 6 1 5 2 4
13 11 2 7 3 6 4 1 5 2 0
10 8 2 6 7 3 2 1 0 4 5
10 8 2 0 6 3 2 1 7 4 5
10 8 2 0 6 4 2 1 3 7 5
10 8 2 6 4 0 2 1 3 7 5
10 8 2 0 3 4 2 6 1 7 5
12 10 2 6 0 5 2 1 3 7 4
12 10 2 6 3 5 2 0 1 7 4
12 10 2 6 7 3 2 0 1 5 4
12 10 2 6 7 3 2 1 5 0 4
12 10 2 1 6 3 2 0 7 5 4
14 12 2 7 6 3 2 1 0 5 4
10 8 2 0 6 5 4 1 3 7 2
10 8 2 6 5 0 4 1 3 7 2
10 8 2 0 3 5 4 6 1 7 2
12 10 2 6 3 5 0 4 1 7 2
11 9 2 6 3 5 4 2 1 7 0
12 10 2 6 7 3 0 4 1 5 2
11 9 2 6 7 3 4 2 1 5 0
10 8 2 6 7 0 4 1 5 3 2
10 8 2 6 7 3 4 1 5 2 0
12 10 2 2 6 3 0 1 7 5 4
12 10 2 2 6 3 4 1 7 0 5
14 12 2 2 6 0 4 1 7 5 3
12 10 2 7 6 3 4 0 1 5 2
12 10 2 7 6 3 4 1 5 0 2
11 9 2 4 6 3 2 1 7 5 0
13 11 2 4 6 3 1 0 7 5 2
13 11 2 4 6 3 5 1 7 0 2
12 10 2 6 7 3 5 0 1 4 2
12 10 2 6 7 3 5 1 4 0 2
12 10 2 1 6 3 5 0 7 4 2
14 12 2 2 6 3 5 1 7 4 0
14 12 2 7 6 3 5 1 0 4 2
13 11 2 5 6 3 0 1 7 4 2
14 12 2 2 6 4 5 1 3 7 0
13 11 2 5 6 4 0 1 3 7 2
12 10 2 6 4 7 5 1 3 0 2
14 12 2 2 3 4 5 6 1 7 0
13 11 2 5 3 4 0 6 1 7 2
14 12 2 6 3 4 2 5 1 7 0
14 12 2 6 3 0 4 5 1 7 2
16 14 2 6 3 4 7 5 1 0 2
15 13 2 0 3 4 6 5 1 7 2
13 11 2 6 3 4 0 2 1 7 5
13 11 2 6 3 4 5 2 1 0 7
15 13 2 0 3 4 5 2 1 7 6
15 13 2 6 3 0 5 2 1 7 4
12 10 2 6 3 2 4 1 7 0 5
12 10 2 6 0 3 4 1 7 2 5
14 12 2 6 3 2 5 1 0 7 4
14 12 2 6 3 2 5 1 7 4 0
14 12 2 6 7 3 5 1 0 2 4
14 12 2 0 6 3 5 1 7 2 4
11 9 2 2 1 5 4 7 3 0 6
11 9 2 2 0 1 4 7 3 5 6
13 11 2 2 1 4 7 3 0 5 6
15 13 2 2 0 4 7 1 3 5 6
13 11 2 2 1 0 5 7 3 4 6
13 11 2 2 1 4 5 7 0 3 6
13 11 2 2 1 4 5 7 3 6 0
11 9 2 2 0 1 6 7 3 4 5
11 9 2 2 1 6 0 7 3 4 5
11 9 2 2 0 4 6 7 1 3 5
11 9 2 2 1 4 6 0 7 3 5
13 11 2 2 1 5 6 7 0 3 4
13 11 2 2 1 5 6 7 3 4 0
13 11 2 0 2 1 6 7 3 5 4
13 11 2 2 1 6 4 7 3 5 0
15 13 2 2 1 6 7 0 3 5 4
15 13 2 2 1 6 5 7 3 0 4
12 10 2 2 0 4 6 3 1 5 7
12 10 2 2 1 4 6 3 5 0 7
14 12 2 2 1 0 4 6 3 5 7
14 12 2 0 2 4 6 1 3 5 7
14 12 2 2 4 0 6 1 3 5 7
10 8 2 6 1 0 2 7 3 4 5
10 8 2 6 1 4 2 7 0 3 5
12 10 2 6 1 5 2 7 3 0 4
12 10 2 6 0 1 2 7 3 5 4
12 10 2 6 1 2 0 7 3 5 4
11 9 2 6 1 4 2 3 0 5 7
13 11 2 6 0 4 2 1 3 5 7
10 8 2 6 1 5 4 7 0 3 2
10 8 2 6 1 5 4 7 3 2 0
10 8 2 6 3 1 4 7 0 5 2
10 8 2 0 6 1 4 7 3 5 2
12 10 2 6 0 4 7 3 1 5 2
12 10 2 6 1 4 7 3 5 0 2
14 12 2 0 6 4 7 1 3 5 2
14 12 2 6 4 0 7 1 3 5 2
15 13 2 6 1 0 7 2 3 5 4
12 10 2 6 0 1 5 7 3 4 2
12 10 2 6 1 5 0 7 3 4 2
12 10 2 6 0 4 5 7 1 3 2
12 10 2 6 1 4 5 0 7 3 2
12 10 2 6 1 4 0 7 3 2 5
14 12 2 6 1 0 5 7 3 2 4
13 11 2 6 1 4 5 0 3 2 7
9 7 2 0 1 5 6 7 4 3 2
9 7 2 0 4 5 6 1 7 3 2
11 9 2 1 4 5 0 6 7 3 2
11 9 2 1 0 5 6 4 7 3 2
10 8 2 1 4 5 6 2 7 3 0
11 9 2 1 4 5 7 0 3 2 6
10 8 2 0 4 5 1 7 3 2 6
11 9 2 4 0 5 6 7 3 2 1
12 10 2 6 4 5 0 7 3 2 1
11 9 2 1 4 2 6 7 3 0 5
10 8 2 0 4 5 6 1 3 2 7
10 8 2 1 4 5 6 3 0 2 7
12 10 2 1 4 5 0 6 3 2 7
12 10 2 1 0 5 6 4 3 2 7
9 7 2 1 4 0 2 7 3 6 5
9 7 2 1 4 6 2 7 0 3 5
11 9 2 4 0 6 2 7 3 5 1
10 8 2 0 4 6 2 1 3 5 7
10 8 2 1 4 6 2 3 0 5 7
12 10 2 1 0 6 2 4 3 5 7
13 11 2 1 4 0 6 2 3 5 7
15 13 2 1 4 6 5 2 3 0 7
14 12 2 0 4 6 1 2 3 5 7
13 11 2 1 4 0 7 2 3 6 5
13 11 2 1 4 6 7 2 0 3 5
15 13 2 2 4 6 7 0 3 5 1
15 13 2 4 0 6 7 2 3 5 1
17 15 2 3 4 6 7 2 0 5 1
16 15 1 1 4 5 0 2 3 6 7
15 14 1 1 4 5 7 2 3 6 0
15 13 2 1 4 5 7 2 3 0 6
15 13 2 1 0 4 7 2 3 5 6
15 13 2 1 4 7 0 2 3 5 6
11 9 2 4 0 6 7 1 3 5 2
13 11 2 2 4 6 7 1 3 5 0
13 11 2 3 4 6 7 1 0 5 2
11 9 2 1 0 6 7 3 4 5 2
11 9 2 1 4 6 7 3 5 0 2
13 11 2 1 3 6 7 4 0 5 2
13 11 2 0 1 6 7 4 3 5 2
13 11 2 1 6 0 7 4 3 5 2
11 9 2 1 4 5 0 7 3 6 2
11 9 2 1 0 6 5 7 4 3 2
11 9 2 1 4 6 5 0 7 3 2
11 9 2 1 4 6 0 7 3 2 5
13 11 2 0 4 6 5 7 3 2 1
12 10 2 1 4 6 5 0 3 2 7
10 8 2 4 6 0 1 7 3 5 2
12 10 2 2 4 6 1 7 3 0 5
13 11 2 2 4 6 1 0 3 5 7
9 7 2 0 5 3 6 1 7 4 2
11 9 2 1 5 3 0 6 7 4 2
11 9 2 1 0 3 6 5 7 4 2
10 8 2 1 5 3 6 2 7 4 0
9 7 2 1 5 0 6 7 4 3 2
9 7 2 1 5 3 6 7 4 2 0
9 7 2 7 1 3 6 5 0 4 2
11 9 2 7 1 3 0 6 5 4 2
11 9 2 2 1 3 0 7 5 4 6
12 10 2 2 1 3 6 0 5 4 7
11 9 2 5 0 3 6 7 1 4 2
11 9 2 5 1 3 6 7 4 0 2
10 8 2 6 1 3 2 7 5 4 0
12 10 2 6 1 3 7 0 5 4 2
11 9 2 3 0 6 2 7 5 4 1
13 11 2 5 3 6 2 7 0 4 1
10 8 2 0 3 6 2 1 5 4 7
10 8 2 1 3 6 2 5 0 4 7
12 10 2 1 0 6 2 3 5 4 7
13 11 2 1 3 0 6 2 5 4 7
15 13 2 1 3 6 4 2 5 0 7
14 12 2 0 3 6 1 2 5 4 7
13 11 2 1 3 0 7 2 5 6 4
13 11 2 1 3 6 7 2 0 5 4
15 13 2 2 3 6 7 0 5 4 1
15 13 2 3 0 6 7 2 5 4 1
17 15 2 5 3 6 7 2 0 4 1
15 14 1 1 3 4 7 2 5 6 0
15 13 2 1 3 4 7 2 5 0 6
15 13 2 1 0 3 7 2 5 4 6
15 13 2 1 3 7 0 2 5 4 6
11 9 2 3 0 6 7 1 5 4 2
13 11 2 2 3 6 7 1 5 4 0
13 11 2 5 3 6 7 1 0 4 2
11 9 2 1 0 6 7 5 3 4 2
11 10 1 1 3 6 7 5 4 2 0
11 9 2 1 3 6 7 5 4 0 2
13 11 2 1 5 6 7 3 0 4 2
13 11 2 1 6 0 7 3 5 4 2
11 9 2 1 0 3 4 7 5 6 2
10 8 2 7 3 6 1 5 0 4 2
10 8 2 3 5 6 1 7 0 4 2
10 8 2 3 6 0 1 7 5 4 2
13 11 2 2 3 6 1 0 5 4 7
12 10 2 5 0 6 1 7 3 4 2
12 10 2 5 3 6 1 7 4 0 2
9 7 2 1 3 2 4 7 5 6 0
9 7 2 1 5 3 4 7 0 2 6
9 7 2 0 1 3 4 7 5 2 6
11 9 2 3 0 4 7 1 5 2 6
13 11 2 5 3 4 7 1 0 2 6
11 9 2 1 0 4 7 5 3 2 6
13 11 2 1 5 4 7 3 0 2 6
13 11 2 1 4 0 7 3 5 2 6
10 8 2 3 5 4 1 7 0 2 6
10 8 2 3 4 0 1 7 5 2 6
12 10 2 5 0 4 1 7 3 2 6
12 10 2 5 3 4 1 7 2 0 6
11 9 2 7 0 4 6 5 3 2 1
11 9 2 7 3 4 6 5 2 0 1
11 9 2 3 5 4 6 0 7 2 1
11 9 2 3 5 4 6 7 2 0 1
11 9 2 3 4 2 6 7 5 0 1
11 9 2 3 4 6 0 7 5 2 1
13 11 2 0 5 4 6 7 3 2 1
13 11 2 5 4 0 6 7 3 2 1
13 11 2 5 3 0 6 7 2 4 1
13 11 2 5 3 4 6 7 2 1 0
12 10 2 6 3 2 4 7 5 0 1
12 10 2 6 0 3 4 7 5 2 1
14 12 2 6 3 4 7 5 0 2 1
16 14 2 6 0 4 7 3 5 2 1
13 11 2 0 3 2 6 7 5 4 1
12 10 2 1 3 2 6 0 5 4 7
11 9 2 1 5 3 6 0 7 2 4
11 9 2 1 5 3 6 7 2 0 4
11 9 2 7 1 3 6 0 5 2 4
13 11 2 4 1 3 6 7 5 2 0
13 11 2 5 1 3 6 7 0 2 4
12 10 2 6 1 3 0 7 5 2 4
13 11 2 0 3 6 4 7 5 2 1
12 10 2 1 3 6 4 0 5 2 7
13 11 2 0 3 6 7 1 5 2 4
13 11 2 1 3 6 7 5 0 2 4
15 13 2 1 0 6 7 3 5 2 4
14 12 2 1 3 6 7 4 5 2 0
12 10 2 7 3 6 1 0 5 2 4
12 10 2 3 0 6 1 7 5 2 4
14 12 2 4 3 6 1 7 5 2 0
14 12 2 5 3 6 1 7 0 2 4
10 8 2 3 5 4 6 1 0 2 7
10 8 2 3 4 0 6 1 5 2 7
12 10 2 5 0 4 6 1 3 2 7
12 10 2 5 3 4 6 0 1 2 7
11 9 2 6 3 4 7 1 5 2 0
11 9 2 6 3 0 4 1 5 2 7
13 11 2 6 3 4 2 1 5 0 7
10 8 2 0 1 4 6 5 3 2 7
10 8 2 1 4 0 6 5 3 2 7
12 10 2 1 3 4 7 6 5 0 2
14 12 2 1 3 0 7 6 5 2 4
12 10 2 1 3 2 4 6 5 0 7
12 10 2 1 0 3 4 6 5 2 7
14 12 2 1 3 0 2 6 5 4 7
14 12 2 1 3 4 2 6 0 5 7
14 12 2 1 3 4 2 6 5 7 0
12 10 2 1 5 4 6 0 3 2 7
12 10 2 1 5 4 6 3 2 0 7
12 10 2 1 4 2 6 3 5 0 7
12 10 2 1 4 6 0 3 5 2 7
11 9 2 1 7 3 2 0 6 4 5
11 9 2 1 7 3 2 6 4 0 5
13 11 2 7 1 3 2 6 0 4 5
13 11 2 0 3 2 6 1 7 4 5
13 11 2 1 3 2 6 7 0 4 5
15 13 2 1 0 2 6 3 7 4 5
14 12 2 1 3 2 6 5 7 4 0
12 10 2 6 3 2 1 0 7 4 5
12 10 2 3 0 2 1 6 7 4 5
14 12 2 5 3 2 1 6 7 4 0
14 12 2 7 3 2 1 6 0 4 5
11 9 2 1 4 7 2 6 3 0 5
11 9 2 1 4 2 0 6 3 7 5
11 9 2 3 0 4 2 1 6 7 5
13 11 2 1 6 4 2 3 0 7 5
13 11 2 0 1 4 2 3 6 7 5
13 11 2 1 4 0 2 3 6 7 5
13 11 2 3 7 0 2 6 5 4 1
13 11 2 3 7 4 2 6 5 1 0
13 11 2 3 4 5 2 6 0 7 1
13 11 2 3 4 5 2 6 7 1 0
13 11 2 3 4 2 1 6 7 5 0
15 13 2 3 4 2 6 0 7 5 1
14 12 2 0 4 2 3 6 7 5 1
15 13 2 7 4 5 2 6 3 0 1
15 13 2 7 4 2 0 6 3 5 1
15 13 2 3 0 4 2 7 6 5 1
17 15 2 0 7 4 2 3 6 5 1
17 15 2 7 4 0 2 3 6 5 1
15 13 2 7 0 3 2 6 5 4 1
15 13 2 7 3 2 0 6 5 4 1
17 15 2 0 3 4 2 6 5 1 7
17 15 2 7 3 0 2 6 5 1 4
13 11 2 0 1 5 2 6 3 7 4
13 11 2 1 5 0 2 6 3 7 4
13 11 2 0 3 5 2 1 6 7 4
15 13 2 1 0 5 2 3 6 7 4
13 11 2 0 7 3 2 1 6 5 4
15 13 2 1 0 3 2 7 6 5 4
13 11 2 1 7 0 2 6 5 3 4
13 11 2 1 7 3 2 6 5 4 0
15 13 2 7 0 3 2 6 1 5 4
15 13 2 7 1 3 2 0 6 5 4
15 13 2 7 1 3 2 6 5 0 4
15 13 2 6 3 2 4 0 7 5 1
15 13 2 3 0 2 4 6 7 5 1
17 15 2 7 3 2 4 6 0 5 1
14 12 2 0 3 2 4 1 7 5 6
14 12 2 1 3 2 4 7 0 5 6
16 14 2 1 0 2 4 3 7 5 6
15 13 2 3 0 2 6 1 7 5 4
17 15 2 4 3 2 6 1 7 5 0
17 15 2 7 3 2 6 1 0 5 4
15 13 2 1 0 2 6 7 3 5 4
16 14 2 1 3 2 6 4 7 0 5
18 16 2 0 3 2 6 4 7 5 1
14 12 2 6 3 2 1 7 0 5 4
16 14 2 6 0 2 1 3 7 5 4
15 13 2 6 3 2 1 4 7 5 0
14 12 2 3 7 2 1 6 0 5 4
14 12 2 3 2 0 1 6 7 5 4
16 14 2 4 3 2 0 6 7 5 1
16 14 2 4 3 2 1 6 7 0 5
18 16 2 4 3 0 1 6 7 5 2
17 15 2 4 3 2 1 0 7 5 6
16 14 2 7 0 2 1 6 3 5 4
16 14 2 7 3 2 1 0 6 5 4
13 11 2 2 1 5 4 6 3 7 0
12 10 2 4 1 5 0 6 3 7 2
11 9 2 1 5 7 4 6 3 0 2
11 9 2 1 5 4 0 6 3 7 2
11 9 2 3 0 5 4 1 6 7 2
13 11 2 2 3 5 4 1 6 7 0
12 10 2 4 3 5 0 1 6 7 2
13 11 2 1 3 5 2 4 6 7 0
13 11 2 1 3 0 5 4 6 7 2
15 13 2 1 3 5 7 4 6 0 2
14 12 2 0 3 5 1 4 6 7 2
13 11 2 1 6 5 4 3 0 7 2
13 11 2 0 1 5 4 3 6 7 2
13 11 2 1 5 0 4 3 6 7 2
13 12 1 1 0 5 4 2 3 6 7
12 11 1 1 3 5 4 2 0 6 7
12 10 2 1 3 5 4 2 6 0 7
14 12 2 0 3 5 4 2 6 7 1
13 11 2 6 3 5 4 7 0 2 1
15 13 2 6 3 5 0 4 7 2 1
15 13 2 6 0 5 4 3 7 2 1
13 11 2 3 7 5 4 6 0 2 1
13 11 2 3 5 0 4 6 7 2 1
15 13 2 7 0 5 4 6 3 2 1
15 13 2 7 3 5 4 0 6 2 1
14 12 2 4 3 0 5 6 7 2 1
16 14 2 4 3 5 6 0 7 2 1
16 14 2 4 3 5 2 6 7 0 1
12 10 2 3 0 5 4 1 7 2 6
14 12 2 7 3 5 4 1 0 2 6
13 11 2 4 3 5 0 1 7 2 6
12 10 2 1 0 5 4 7 3 2 6
12 10 2 1 3 5 4 7 2 0 6
14 12 2 1 3 0 5 4 7 2 6
15 13 2 0 3 5 1 4 7 2 6
14 12 2 1 7 5 4 3 0 2 6
14 12 2 1 5 0 4 3 7 2 6
13 11 2 2 7 3 4 1 6 5 0
12 10 2 4 7 3 0 1 6 5 2
13 11 2 1 7 3 2 4 6 5 0
13 11 2 1 7 0 3 4 6 5 2
15 13 2 1 7 3 5 4 6 0 2
14 12 2 0 7 3 1 4 6 5 2
13 11 2 1 6 3 4 7 0 5 2
12 10 2 1 7 3 0 2 6 5 4
12 10 2 1 7 3 4 2 6 0 5
14 12 2 0 7 3 4 2 6 5 1
14 12 2 1 7 0 4 2 6 5 3
11 9 2 1 0 7 4 6 5 3 2
11 9 2 1 7 4 0 6 5 3 2
11 9 2 1 7 3 0 6 5 2 4
13 11 2 0 7 3 4 6 5 2 1
12 10 2 1 7 3 4 0 5 2 6
11 9 2 6 0 3 4 7 1 5 2
11 9 2 6 1 3 4 7 5 0 2
13 11 2 6 1 0 3 4 7 5 2
15 13 2 6 1 3 5 4 7 0 2
13 11 2 2 1 0 4 6 7 3 5
13 11 2 2 1 3 4 6 0 7 5
13 11 2 0 7 3 4 6 1 5 2
13 11 2 0 1 3 4 7 6 5 2
15 13 2 7 1 3 0 4 6 5 2
14 12 2 7 1 3 4 2 6 5 0
13 11 2 7 1 0 4 6 5 3 2
13 11 2 7 1 3 4 6 5 2 0
12 10 2 4 1 3 2 6 7 0 5
14 12 2 4 1 0 2 6 7 5 3
12 10 2 4 1 5 3 6 7 0 2
14 12 2 4 1 0 5 6 7 3 2
14 12 2 4 1 3 5 6 0 7 2
13 11 2 0 7 3 5 1 6 4 2
15 13 2 1 7 3 0 5 6 4 2
15 13 2 1 0 3 5 7 6 4 2
14 12 2 1 7 3 5 2 6 4 0
13 11 2 1 7 0 5 6 4 3 2
13 11 2 1 7 3 5 6 4 2 0
13 11 2 6 1 3 5 7 0 4 2
15 13 2 6 1 3 0 5 7 4 2
15 13 2 7 0 3 5 6 1 4 2
15 13 2 7 1 3 5 0 6 4 2
15 13 2 7 1 3 5 6 4 0 2
14 12 2 5 1 3 2 6 7 4 0
14 12 2 5 1 0 3 6 7 4 2
16 14 2 5 1 3 4 6 7 0 2
15 13 2 3 0 5 2 6 7 4 1
17 15 2 7 3 5 2 6 0 4 1
14 12 2 6 3 5 1 7 0 4 2
16 14 2 6 0 5 1 3 7 4 2
14 12 2 3 7 5 1 6 0 4 2
14 12 2 3 5 0 1 6 7 4 2
16 14 2 7 0 5 1 6 3 4 2
16 14 2 7 3 5 1 0 6 4 2
16 14 2 7 3 5 1 6 4 0 2
15 13 2 2 1 4 5 6 3 0 7
17 15 2 2 1 0 5 6 3 7 4
14 12 2 5 1 4 2 6 3 7 0
14 12 2 5 1 0 4 6 3 7 2
16 14 2 5 1 4 7 6 3 0 2
13 11 2 1 4 7 5 6 0 3 2
13 11 2 1 4 7 5 6 3 2 0
13 11 2 3 6 4 5 1 0 7 2
13 11 2 3 4 0 5 1 6 7 2
15 13 2 2 3 4 5 1 6 0 7
17 15 2 2 3 0 5 1 6 7 4
14 12 2 5 3 4 2 1 6 7 0
14 12 2 5 3 0 4 1 6 7 2
16 14 2 5 3 4 7 1 6 0 2
15 13 2 1 3 4 2 5 6 0 7
17 15 2 0 3 4 2 5 6 7 1
18 17 1 1 6 3 2 5 0 7 4
17 16 1 1 0 3 2 5 6 7 4
17 15 2 1 3 0 2 5 6 7 4
18 17 1 1 6 3 4 2 5 7 0
17 15 2 1 6 3 4 0 5 7 2
17 16 1 1 6 3 4 5 7 2 0
17 15 2 1 6 3 4 5 7 0 2
18 17 1 2 1 3 4 5 6 7 0
16 14 2 0 1 3 4 5 6 7 2
15 14 1 1 3 7 4 5 6 2 0
15 13 2 1 3 7 4 5 6 0 2
17 15 2 1 3 0 7 5 6 4 2
17 15 2 1 3 4 7 5 0 6 2
17 15 2 1 3 4 7 5 6 2 0
16 14 2 5 3 4 1 0 6 7 2
16 14 2 3 0 4 1 5 6 7 2
18 16 2 6 3 4 1 5 0 7 2
15 13 2 1 6 4 5 0 3 7 2
17 15 2 2 1 4 5 3 6 7 0
16 14 2 5 1 4 0 3 6 7 2
15 13 2 1 4 7 5 3 6 0 2
15 13 2 1 4 5 0 3 6 7 2
14 12 2 1 3 0 4 2 6 7 5
16 14 2 1 3 4 7 2 6 0 5
14 12 2 1 3 0 5 2 6 4 7
14 12 2 1 3 4 5 2 0 6 7
16 14 2 3 0 4 5 2 6 7 1
17 15 2 5 3 4 0 2 6 7 1
16 14 2 1 3 7 5 2 6 0 4
16 14 2 1 0 3 5 2 6 7 4
16 14 2 1 3 5 0 2 6 7 4
13 11 2 1 3 2 4 6 0 7 5
13 11 2 1 7 3 4 6 0 2 5
13 11 2 0 1 3 4 6 7 2 5
15 13 2 3 0 4 6 1 7 2 5
15 13 2 1 0 4 6 7 3 2 5
14 12 2 6 3 4 1 7 0 2 5
16 14 2 6 0 4 1 3 7 2 5
14 12 2 3 7 4 1 6 0 2 5
16 14 2 7 0 4 1 6 3 2 5
16 14 2 7 3 4 1 0 6 2 5
15 13 2 6 0 4 5 7 3 2 1
17 15 2 6 3 0 4 5 7 2 1
19 17 2 6 3 4 2 5 7 0 1
17 15 2 6 7 4 5 3 0 2 1
17 15 2 0 6 4 5 3 7 2 1
15 13 2 3 7 4 5 0 6 2 1
15 13 2 3 4 2 5 6 7 0 1
17 15 2 7 4 0 5 6 3 2 1
17 15 2 0 3 4 5 7 6 2 1
19 17 2 7 3 4 0 5 6 2 1
19 17 2 7 0 4 5 3 6 2 1
16 14 2 5 3 4 1 6 7 0 2
18 16 2 5 3 0 1 6 7 2 4
16 14 2 5 3 2 4 6 7 0 1
16 14 2 5 0 3 4 6 7 2 1
18 16 2 5 3 0 2 6 7 4 1
18 16 2 5 3 4 2 6 0 7 1
18 16 2 5 3 4 2 6 7 1 0
15 13 2 1 0 2 5 6 3 7 4
15 13 2 1 3 2 5 0 6 7 4
17 15 2 0 3 2 5 6 7 4 1
16 14 2 1 3 2 5 0 7 4 6
15 13 2 1 7 3 5 0 6 2 4
15 13 2 6 1 3 5 0 7 2 4
17 15 2 4 1 3 5 6 7 2 0
17 15 2 7 1 3 5 6 0 2 4
16 14 2 5 1 3 0 6 7 2 4
17 15 2 0 3 5 6 1 7 2 4
17 15 2 1 3 5 6 7 0 2 4
19 17 2 1 0 5 6 3 7 2 4
18 16 2 1 3 5 6 4 7 2 0
16 14 2 6 3 5 1 0 7 2 4
16 14 2 3 0 5 1 6 7 2 4
18 16 2 4 3 5 1 6 7 2 0
18 16 2 7 3 5 1 6 0 2 4
14 12 2 3 7 4 5 1 0 2 6
14 12 2 3 4 0 5 1 7 2 6
16 14 2 7 0 4 5 1 3 2 6
16 14 2 7 3 4 5 0 1 2 6
15 13 2 5 3 4 6 1 7 2 0
15 13 2 5 3 0 4 1 7 2 6
17 15 2 5 3 4 2 1 7 0 6
14 12 2 0 1 4 5 7 3 2 6
14 12 2 1 4 0 5 7 3 2 6
14 12 2 1 3 0 5 7 2 4 6
14 12 2 1 3 4 5 7 2 6 0
18 16 2 0 3 4 6 5 7 2 1
18 16 2 1 3 0 6 5 7 2 4
16 15 1 1 3 2 4 5 7 6 0
16 14 2 1 3 2 4 5 7 0 6
16 14 2 1 0 3 4 5 7 2 6
18 16 2 1 3 4 2 5 0 7 6
17 15 2 5 3 4 1 0 7 2 6
17 15 2 3 0 4 1 5 7 2 6
19 17 2 6 3 4 1 5 7 2 0
16 14 2 1 7 4 5 3 2 0 6
14 12 2 2 6 4 1 7 3 5 0
13 11 2 1 6 4 0 7 3 5 2
12 10 2 6 4 5 1 7 3 0 2
12 10 2 6 4 1 0 7 3 5 2
12 10 2 6 0 3 1 7 5 4 2
12 10 2 6 3 1 0 7 5 4 2
14 12 2 6 3 0 1 7 5 2 4
14 12 2 6 7 0 1 3 5 4 2
15 13 2 3 6 4 1 2 7 5 0
16 14 2 2 6 4 1 3 7 0 5
17 15 2 2 6 4 1 0 7 5 3
17 15 2 1 6 4 5 3 7 0 2
14 12 2 6 4 5 1 3 0 7 2
14 12 2 6 4 1 2 3 7 5 0
16 14 2 6 4 1 5 3 7 0 2
14 12 2 3 7 4 2 1 6 5 0
14 12 2 3 7 0 4 1 6 5 2
16 14 2 3 7 4 5 1 6 0 2
15 13 2 0 7 4 3 1 6 5 2
13 11 2 3 7 4 0 2 6 5 1
13 11 2 3 7 4 1 2 6 0 5
15 13 2 0 7 4 1 2 6 5 3
15 13 2 3 7 0 1 2 6 5 4
12 10 2 3 0 7 1 6 5 4 2
12 10 2 3 7 1 0 6 5 4 2
14 12 2 3 7 0 1 6 5 2 4
12 10 2 3 0 5 1 6 4 7 2
12 10 2 3 4 5 1 0 6 7 2
14 12 2 3 4 0 1 6 7 2 5
12 10 2 3 4 1 2 6 7 0 5
14 12 2 0 4 1 2 6 7 5 3
14 12 2 0 4 1 6 3 7 5 2
14 12 2 3 4 1 6 7 0 5 2
16 14 2 3 0 1 6 4 7 5 2
14 12 2 3 4 0 5 6 7 1 2
14 12 2 3 4 1 5 6 0 7 2
14 12 2 3 4 1 5 6 7 2 0
13 11 2 6 4 1 3 0 7 5 2
13 11 2 4 0 1 3 6 7 5 2
15 13 2 2 4 1 3 6 7 5 0
15 13 2 7 4 1 3 6 0 5 2
14 12 2 2 7 3 1 6 0 4 5
14 12 2 0 2 3 1 6 7 4 5
16 14 2 2 3 1 6 0 7 4 5
15 13 2 0 3 1 2 6 7 4 5
14 12 2 0 2 4 1 6 3 7 5
14 12 2 2 4 0 1 6 3 7 5
14 12 2 0 3 4 1 2 6 7 5
16 14 2 2 3 4 0 1 6 7 5
16 14 2 2 0 4 1 3 6 7 5
15 13 2 2 3 4 1 5 6 7 0
16 14 2 2 0 5 1 6 3 7 4
16 14 2 2 3 5 1 0 6 7 4
16 14 2 2 7 3 1 0 6 5 4
16 14 2 2 7 3 1 6 5 0 4
16 14 2 6 2 3 1 0 7 5 4
18 16 2 4 2 3 1 6 7 5 0
18 16 2 7 2 3 1 6 0 5 4
17 15 2 1 2 3 0 6 7 5 4
16 14 2 2 3 1 4 6 7 0 5
17 15 2 2 3 1 4 0 7 5 6
18 16 2 2 3 1 6 7 0 5 4
19 17 2 2 3 1 6 4 7 5 0
18 16 2 2 3 1 5 6 0 7 4
18 16 2 2 3 1 5 6 7 4 0
19 17 2 4 3 1 2 6 7 5 0
19 17 2 7 3 1 2 6 0 5 4
14 12 2 7 4 5 1 6 0 3 2
14 12 2 7 4 5 1 6 3 2 0
14 12 2 7 4 1 2 6 3 5 0
16 14 2 7 4 1 6 0 3 5 2
16 14 2 7 4 1 5 6 3 0 2
15 13 2 0 4 1 7 6 3 5 2
14 12 2 3 6 4 1 7 0 5 2
14 12 2 3 4 0 1 7 6 5 2
16 14 2 2 3 4 0 7 6 5 1
16 14 2 2 3 4 1 7 6 0 5
18 16 2 2 3 0 1 7 6 5 4
15 13 2 1 3 4 2 7 6 5 0
15 13 2 1 3 0 4 7 6 5 2
16 14 2 7 3 4 2 1 6 0 5
18 16 2 0 3 4 2 1 6 5 7
18 16 2 7 3 0 2 1 6 5 4
16 14 2 7 3 5 4 1 6 0 2
16 14 2 7 0 3 4 1 6 5 2
18 16 2 7 3 0 5 1 6 4 2
18 16 2 7 3 4 5 1 6 2 0
17 15 2 1 3 4 7 0 6 5 2
17 15 2 3 0 4 7 1 6 5 2
19 17 2 2 3 4 7 1 6 5 0
19 17 2 6 3 4 7 1 0 5 2
16 14 2 7 6 4 1 0 3 5 2
16 14 2 7 6 4 1 3 5 0 2
18 16 2 2 7 4 1 3 6 5 0
17 15 2 1 7 4 0 3 6 5 2
16 14 2 7 4 5 1 3 6 0 2
16 14 2 7 4 1 0 3 6 5 2
15 13 2 7 3 0 4 2 6 5 1
16 14 2 0 3 4 7 2 6 5 1
15 13 2 7 3 0 1 2 6 4 5
17 15 2 2 3 4 1 0 6 5 7
17 15 2 3 0 4 1 2 6 5 7
19 17 2 6 3 4 1 2 0 5 7
18 17 1 1 3 4 7 2 6 5 0
18 16 2 1 3 4 0 2 6 5 7
17 15 2 7 0 3 1 2 6 5 4
17 15 2 7 3 1 0 2 6 5 4
14 12 2 7 5 3 1 6 0 4 2
14 12 2 0 7 3 1 6 5 4 2
14 12 2 7 3 1 2 6 5 4 0
16 14 2 7 3 1 6 0 5 4 2
16 14 2 7 3 1 4 6 5 0 2
15 13 2 0 3 1 7 6 5 4 2
14 12 2 7 3 0 4 6 5 2 1
15 13 2 0 3 4 7 6 5 2 1
16 14 2 6 3 4 1 0 5 2 7
16 14 2 3 0 4 1 6 5 2 7
18 16 2 5 3 4 1 6 0 2 7
16 14 2 7 3 2 1 6 5 0 4
16 14 2 7 0 3 1 6 5 2 4
16 14 2 7 3 1 0 6 5 2 4
15 13 2 7 3 4 1 5 0 2 6
13 11 2 2 7 0 4 1 3 5 6
15 13 2 2 7 4 5 1 3 0 6
13 11 2 2 7 0 6 1 3 4 5
13 11 2 2 7 4 6 1 0 3 5
15 13 2 2 7 5 6 1 3 0 4
15 13 2 2 0 7 6 1 3 5 4
15 13 2 2 7 6 0 1 3 5 4
12 10 2 6 7 4 2 1 3 0 5
14 12 2 6 7 0 2 1 3 5 4
12 10 2 6 7 5 4 1 3 0 2
12 10 2 6 0 7 4 1 3 5 2
14 12 2 6 7 0 5 1 3 4 2
14 12 2 6 7 4 5 1 0 3 2
14 12 2 6 7 4 5 1 3 2 0
13 11 2 1 7 0 2 6 3 4 5
13 11 2 1 7 4 2 6 0 3 5
15 13 2 1 7 5 2 6 3 0 4
15 13 2 1 0 7 2 6 3 5 4
15 13 2 1 7 2 0 6 3 5 4
13 11 2 1 7 5 4 6 0 3 2
13 11 2 1 7 5 4 6 3 2 0
13 11 2 1 3 7 4 6 0 5 2
13 11 2 0 1 7 4 6 3 5 2
15 13 2 1 0 7 5 6 3 4 2
15 13 2 1 7 5 0 6 3 4 2
15 13 2 1 0 4 5 6 7 3 2
15 13 2 1 7 4 5 0 6 3 2
15 13 2 1 7 4 0 6 3 2 5
17 15 2 0 7 4 5 6 3 2 1
17 15 2 1 7 0 5 6 3 2 4
16 14 2 1 7 4 5 0 3 2 6
16 14 2 2 7 4 1 6 3 0 5
18 16 2 2 7 0 1 6 3 5 4
13 12 1 1 7 5 0 2 3 6 4
12 11 1 1 7 5 4 2 3 6 0
12 10 2 1 7 5 4 2 3 0 6
12 10 2 1 0 7 4 2 3 5 6
14 12 2 1 7 0 5 2 3 4 6
14 12 2 1 7 4 5 2 0 3 6
14 12 2 1 7 4 5 2 3 6 0
12 10 2 1 0 7 6 2 3 4 5
12 10 2 1 7 6 0 2 3 4 5
12 10 2 1 0 4 6 2 7 3 5
12 10 2 1 7 4 6 0 2 3 5
14 12 2 1 7 5 6 2 0 3 4
14 12 2 1 7 5 6 2 3 4 0
14 12 2 1 3 7 6 2 0 5 4
14 12 2 0 1 7 6 2 3 5 4
14 12 2 1 7 6 4 2 3 5 0
16 14 2 1 7 6 5 2 3 0 4
11 9 2 1 5 7 6 0 3 4 2
11 9 2 3 1 7 6 0 5 4 2
13 11 2 2 1 7 6 3 5 4 0
13 11 2 5 1 7 6 3 0 4 2
12 10 2 6 1 7 0 3 5 4 2
13 11 2 0 7 6 2 3 5 4 1
12 10 2 1 7 6 2 0 5 4 3
13 11 2 0 7 6 3 1 5 4 2
13 11 2 1 7 6 3 5 0 4 2
15 13 2 1 0 6 3 7 5 4 2
14 12 2 1 7 6 3 2 5 4 0
13 11 2 1 7 0 4 3 5 6 2
12 10 2 3 7 6 1 0 5 4 2
12 10 2 7 0 6 1 3 5 4 2
14 12 2 2 7 6 1 3 5 4 0
14 12 2 5 7 6 1 3 0 4 2
11 9 2 1 7 2 4 3 5 0 6
11 9 2 1 0 7 4 3 5 2 6
13 11 2 0 7 4 3 1 5 2 6
13 11 2 1 7 4 3 5 0 2 6
15 13 2 1 0 4 3 7 5 2 6
12 10 2 3 7 4 1 0 5 2 6
12 10 2 7 0 4 1 3 5 2 6
14 12 2 5 7 4 1 3 0 2 6
13 11 2 3 7 4 6 5 0 2 1
15 13 2 3 7 4 0 6 5 2 1
13 11 2 7 5 4 6 3 0 2 1
13 11 2 7 4 0 6 3 5 2 1
15 13 2 5 0 4 6 3 7 2 1
15 13 2 5 7 4 6 0 3 2 1
15 13 2 5 7 4 6 3 2 0 1
14 12 2 6 7 4 1 3 5 2 0
14 12 2 6 7 0 4 3 5 2 1
16 14 2 6 7 4 3 0 5 2 1
13 11 2 1 7 2 6 3 0 5 4
13 11 2 1 7 2 6 3 5 4 0
13 11 2 1 5 7 6 3 0 2 4
13 11 2 0 1 7 6 3 5 2 4
13 11 2 1 7 6 4 3 5 2 0
15 13 2 1 7 6 3 0 5 2 4
14 12 2 0 7 6 1 3 5 2 4
14 12 2 5 7 4 6 1 0 2 3
13 11 2 6 7 4 0 1 5 2 3
12 10 2 1 0 4 6 5 7 2 3
12 10 2 1 7 4 6 5 2 0 3
14 12 2 1 7 4 3 6 5 2 0
14 12 2 1 7 0 4 6 5 2 3
16 14 2 1 7 4 2 6 5 0 3
15 13 2 0 7 4 1 6 5 2 3
14 12 2 1 5 4 6 7 0 2 3
14 12 2 1 4 0 6 7 5 2 3
11 9 2 3 4 5 6 7 1 0 2
11 9 2 3 4 6 0 7 1 5 2
11 9 2 3 0 1 6 7 5 4 2
11 9 2 3 1 6 0 7 5 4 2
11 9 2 3 1 4 0 7 5 2 6
13 11 2 3 1 0 6 7 5 2 4
13 11 2 3 1 0 2 6 7 4 5
13 11 2 3 1 4 2 6 0 7 5
15 13 2 3 1 5 2 6 7 0 4
15 13 2 3 0 1 2 6 7 5 4
15 13 2 3 1 2 0 6 7 5 4
13 11 2 3 1 5 4 6 0 7 2
13 11 2 3 1 5 4 6 7 2 0
13 11 2 3 7 1 4 6 0 5 2
13 11 2 0 3 1 4 6 7 5 2
15 13 2 3 0 1 5 6 7 4 2
15 13 2 3 1 5 0 6 7 4 2
15 13 2 3 0 4 5 6 1 7 2
15 13 2 3 1 4 5 0 6 7 2
15 13 2 3 1 4 0 6 7 2 5
17 15 2 3 1 0 5 6 7 2 4
12 10 2 3 1 5 4 2 7 0 6
12 10 2 3 0 1 4 2 7 5 6
14 12 2 3 1 0 5 2 7 4 6
14 12 2 3 1 4 5 2 7 6 0
12 10 2 3 0 1 6 2 7 4 5
12 10 2 3 1 6 0 2 7 4 5
14 12 2 3 1 5 6 2 7 4 0
14 12 2 3 7 1 6 2 0 5 4
14 12 2 3 1 6 4 2 7 5 0
16 14 2 3 1 6 5 2 7 0 4
13 11 2 2 1 5 4 3 0 7 6
13 11 2 2 1 5 4 3 7 6 0
13 11 2 2 7 1 4 3 0 5 6
13 11 2 0 2 1 4 3 7 5 6
15 13 2 2 0 4 3 7 1 5 6
15 13 2 2 1 4 3 7 5 0 6
17 15 2 2 7 4 3 1 0 5 6
17 15 2 0 2 4 3 1 7 5 6
15 13 2 2 0 1 5 3 7 4 6
15 13 2 2 0 4 5 3 1 7 6
15 13 2 2 1 4 0 3 7 6 5
16 14 2 2 1 4 5 0 7 6 3
13 11 2 2 7 1 6 3 0 4 5
13 11 2 0 2 1 6 3 7 4 5
15 13 2 2 1 6 3 0 7 4 5
13 11 2 0 2 4 6 3 1 7 5
13 11 2 2 4 0 6 3 1 7 5
15 13 2 2 0 5 6 3 1 7 4
15 13 2 2 1 5 0 3 7 4 6
16 14 2 2 1 5 6 0 7 4 3
15 13 2 2 7 1 6 0 3 5 4
15 13 2 2 7 1 6 3 5 0 4
15 13 2 3 2 1 6 0 7 5 4
17 15 2 4 2 1 6 3 7 5 0
17 15 2 7 2 1 6 3 0 5 4
16 14 2 6 2 1 0 3 7 5 4
15 13 2 2 1 6 4 3 7 0 5
16 14 2 2 1 6 4 0 7 5 3
17 15 2 0 1 6 3 2 7 5 4
17 15 2 2 1 6 3 7 0 5 4
19 17 2 2 0 6 3 1 7 5 4
17 15 2 2 1 0 5 3 7 6 4
17 15 2 2 1 6 5 3 0 7 4
17 15 2 2 1 6 5 3 7 4 0
14 12 2 1 7 4 6 2 0 5 3
16 14 2 7 0 4 6 2 1 5 3
16 14 2 7 1 4 6 0 2 5 3
16 14 2 7 1 4 6 2 5 0 3
14 12 2 0 2 4 6 7 1 5 3
14 12 2 2 4 0 6 7 1 5 3
14 12 2 2 1 0 6 7 5 4 3
14 12 2 2 1 4 6 7 5 3 0
16 14 2 2 1 5 4 6 7 0 3
16 14 2 2 0 1 4 6 7 5 3
18 16 2 2 1 0 5 6 7 4 3
18 16 2 2 1 4 5 6 0 7 3
18 16 2 2 1 4 5 6 7 3 0
16 14 2 2 7 4 6 1 5 0 3
18 16 2 7 2 4 6 1 0 5 3
17 15 2 6 2 4 0 1 7 5 3
16 14 2 2 4 5 6 1 7 0 3
15 13 2 2 7 4 0 3 1 5 6
15 13 2 2 7 4 6 3 1 0 5
17 15 2 2 7 0 6 3 1 5 4
16 14 2 2 7 4 6 0 1 5 3
14 12 2 6 7 4 2 3 1 5 0
14 12 2 6 7 0 4 3 1 5 2
16 14 2 6 7 4 5 3 1 0 2
13 11 2 7 4 5 6 3 0 1 2
13 11 2 7 4 5 6 3 1 2 0
13 11 2 7 4 6 2 3 1 5 0
15 13 2 7 4 6 5 3 1 0 2
14 12 2 0 4 6 7 3 1 5 2
15 13 2 7 1 4 2 6 3 0 5
17 15 2 0 1 4 2 6 3 5 7
17 15 2 7 1 0 2 6 3 5 4
15 13 2 7 1 5 4 6 3 0 2
15 13 2 7 0 1 4 6 3 5 2
17 15 2 7 1 0 5 6 3 4 2
17 15 2 7 1 4 5 6 0 3 2
17 15 2 7 1 4 5 6 3 2 0
16 14 2 1 0 4 7 6 3 5 2
18 16 2 2 1 4 7 6 3 5 0
18 16 2 3 1 4 7 6 0 5 2
14 12 2 7 1 0 4 2 3 5 6
16 14 2 7 1 4 5 2 3 0 6
15 13 2 0 1 4 7 2 3 5 6
14 12 2 7 1 0 6 2 3 4 5
14 12 2 7 1 4 6 2 0 3 5
16 14 2 1 0 4 6 2 3 5 7
18 16 2 3 1 4 6 2 0 5 7
17 15 2 6 1 4 0 2 3 5 7
16 14 2 7 1 5 6 2 3 0 4
16 14 2 7 0 1 6 2 3 5 4
16 14 2 7 1 6 0 2 3 5 4
13 11 2 7 5 1 6 3 0 4 2
13 11 2 0 7 1 6 3 5 4 2
13 11 2 7 1 6 2 3 5 4 0
15 13 2 7 1 6 3 0 5 4 2
15 13 2 7 1 6 4 3 5 0 2
14 12 2 0 1 6 7 3 5 4 2
13 11 2 7 1 0 4 3 5 2 6
15 13 2 7 1 4 3 0 5 2 6
14 12 2 0 1 4 7 3 5 2 6
15 13 2 3 1 4 6 0 5 2 7
17 15 2 5 1 4 6 3 0 2 7
16 14 2 6 1 4 0 3 5 2 7
15 13 2 7 1 2 6 3 5 0 4
15 13 2 7 0 1 6 3 5 2 4
15 13 2 7 1 6 0 3 5 2 4
14 12 2 0 1 4 6 7 5 2 3
14 12 2 7 1 4 6 5 0 2 3
16 14 2 7 1 4 0 6 5 2 3
16 14 2 7 0 4 6 1 5 2 3
12 10 2 6 0 1 2 3 7 4 5
12 10 2 6 1 2 0 3 7 4 5
12 10 2 6 0 4 2 3 1 7 5
14 12 2 6 1 5 2 3 0 7 4
14 12 2 6 7 1 2 3 0 5 4
14 12 2 0 6 1 2 3 7 5 4
14 12 2 6 1 2 4 3 7 5 0
16 14 2 6 1 2 3 0 7 5 4
15 13 2 0 1 2 6 3 7 5 4
13 11 2 1 0 4 2 6 7 5 3
15 13 2 7 1 4 2 6 0 5 3
13 11 2 6 0 4 2 7 1 5 3
13 11 2 6 1 4 2 7 5 0 3
15 13 2 6 7 4 2 1 0 5 3
15 13 2 0 6 4 2 1 7 5 3
15 13 2 6 4 0 2 1 7 5 3
12 10 2 6 0 5 4 3 1 7 2
12 10 2 6 1 5 4 0 3 7 2
14 12 2 0 1 5 4 3 7 2 6
13 11 2 6 1 5 4 0 7 2 3
12 10 2 6 7 1 4 0 3 5 2
12 10 2 6 7 1 4 3 5 0 2
12 10 2 3 6 1 4 0 7 5 2
14 12 2 2 6 1 4 3 7 5 0
14 12 2 7 6 1 4 3 0 5 2
14 12 2 1 7 4 3 6 0 5 2
14 12 2 1 4 0 3 6 7 5 2
16 14 2 2 1 4 3 6 7 0 5
16 14 2 7 0 4 3 6 1 5 2
16 14 2 7 1 4 3 0 6 5 2
16 14 2 7 1 4 3 6 5 0 2
14 12 2 0 6 4 3 7 1 5 2
14 12 2 6 4 0 3 7 1 5 2
14 12 2 6 1 0 3 7 5 4 2
14 12 2 6 1 4 3 7 5 2 0
16 14 2 6 7 4 3 0 1 5 2
16 14 2 6 7 4 3 1 5 0 2
16 14 2 1 6 4 3 0 7 5 2
18 16 2 2 6 4 3 1 7 5 0
18 16 2 7 6 4 3 1 0 5 2
17 15 2 3 6 4 0 1 7 5 2
16 14 2 6 4 5 3 1 7 0 2
16 14 2 6 4 3 0 1 7 5 2
17 15 2 6 1 4 5 2 7 0 3
15 13 2 6 1 4 3 2 0 7 5
19 17 2 7 1 4 3 2 0 5 6
14 12 2 6 7 1 5 3 0 4 2
14 12 2 0 6 1 5 3 7 4 2
14 12 2 6 1 5 2 3 7 4 0
16 14 2 6 1 5 3 0 7 4 2
14 12 2 0 6 4 5 3 1 7 2
14 12 2 6 4 0 5 3 1 7 2
16 14 2 6 1 4 0 5 3 7 2
14 12 2 6 1 0 4 3 7 2 5
16 14 2 6 1 4 3 0 7 2 5
16 14 2 3 1 4 5 0 7 2 6
18 16 2 7 1 4 5 3 0 2 6
17 15 2 5 1 4 0 3 7 2 6
16 14 2 6 1 2 5 3 7 0 4
16 14 2 6 0 1 5 3 7 2 4
16 14 2 6 1 5 0 3 7 2 4
15 13 2 0 1 4 5 6 7 2 3
15 13 2 6 1 4 5 7 0 2 3
17 15 2 6 1 4 0 5 7 2 3
17 15 2 6 0 4 5 1 7 2 3
11 9 2 3 1 5 6 0 4 7 2
13 11 2 2 1 5 6 3 4 7 0
13 11 2 4 1 5 6 3 0 7 2
12 10 2 6 1 5 0 3 4 7 2
11 9 2 1 5 7 6 3 4 0 2
11 9 2 1 5 6 0 3 4 7 2
11 9 2 4 0 5 6 1 3 7 2
13 11 2 2 4 5 6 1 3 7 0
12 10 2 6 4 5 0 1 3 7 2
13 11 2 1 4 5 2 6 3 7 0
15 13 2 1 4 5 7 6 3 0 2
14 12 2 0 4 5 1 6 3 7 2
13 11 2 1 3 5 6 4 0 7 2
13 11 2 0 1 5 6 4 3 7 2
13 11 2 1 5 0 6 4 3 7 2
12 10 2 1 4 5 6 2 3 0 7
14 12 2 0 4 5 6 2 3 7 1
13 11 2 0 4 5 3 1 7 2 6
13 11 2 1 4 5 3 7 0 2 6
15 13 2 1 0 5 3 4 7 2 6
12 10 2 3 4 5 1 0 7 2 6
12 10 2 4 0 5 1 3 7 2 6
14 12 2 7 4 5 1 3 0 2 6
13 11 2 3 4 5 6 7 0 2 1
15 13 2 3 4 5 0 6 7 2 1
15 13 2 3 0 5 6 4 7 2 1
13 11 2 4 7 5 6 3 0 2 1
13 11 2 4 5 0 6 3 7 2 1
15 13 2 7 0 5 6 3 4 2 1
15 13 2 7 4 5 6 0 3 2 1
14 12 2 6 4 5 1 3 7 2 0
14 12 2 6 4 0 5 3 7 2 1
16 14 2 6 4 5 3 0 7 2 1
13 11 2 1 4 2 6 3 0 7 5
13 11 2 1 7 4 6 3 0 2 5
13 11 2 0 1 4 6 3 7 2 5
12 10 2 4 0 5 6 1 7 2 3
14 12 2 7 4 5 6 1 0 2 3
13 11 2 6 4 5 0 1 7 2 3
12 10 2 1 0 5 6 7 4 2 3
12 10 2 1 4 5 6 7 2 0 3
14 12 2 1 4 5 3 6 7 2 0
14 12 2 1 4 0 5 6 7 2 3
16 14 2 1 4 5 2 6 7 0 3
15 13 2 0 4 5 1 6 7 2 3
14 12 2 1 7 5 6 4 0 2 3
14 12 2 0 1 5 6 4 7 2 3
14 12 2 1 5 0 6 4 7 2 3
11 9 2 1 4 2 0 3 7 6 5
11 9 2 1 0 6 2 3 4 7 5
13 11 2 4 7 6 2 3 0 5 1
13 11 2 4 6 0 2 3 7 5 1
15 13 2 7 0 6 2 3 4 5 1
15 13 2 7 4 6 2 3 5 0 1
12 10 2 4 0 6 2 1 7 5 3
14 12 2 7 4 6 2 1 0 5 3
12 10 2 1 0 6 2 7 4 5 3
12 10 2 1 4 6 2 7 5 0 3
14 12 2 1 7 6 2 4 0 5 3
14 12 2 0 1 6 2 4 7 5 3
14 12 2 1 6 0 2 4 7 5 3
13 11 2 4 7 6 3 1 0 5 2
13 11 2 4 6 0 3 1 7 5 2
15 13 2 2 4 6 3 1 7 0 5
17 15 2 2 4 0 3 1 7 5 6
15 13 2 7 0 6 3 1 4 5 2
15 13 2 7 4 6 3 0 1 5 2
15 13 2 7 4 6 3 1 5 0 2
13 11 2 0 1 6 3 7 4 5 2
13 11 2 1 6 0 3 7 4 5 2
13 11 2 1 4 0 3 7 5 6 2
13 11 2 1 4 6 3 7 5 2 0
15 13 2 1 7 6 3 0 4 5 2
15 13 2 1 7 6 3 4 5 0 2
15 13 2 4 1 6 3 0 7 5 2
17 15 2 2 1 6 3 4 7 5 0
17 15 2 7 1 6 3 4 0 5 2
16 14 2 3 1 6 0 4 7 5 2
15 13 2 1 6 5 3 4 7 0 2
15 13 2 1 6 3 0 4 7 5 2
14 12 2 1 4 0 6 2 7 5 3
16 14 2 1 4 6 5 2 7 0 3
14 12 2 1 4 0 3 2 7 6 5
14 12 2 1 4 6 3 2 0 7 5
16 14 2 1 4 5 3 2 7 0 6
16 14 2 1 0 4 3 2 7 5 6
16 14 2 1 4 3 0 2 7 5 6
17 16 1 1 4 5 0 2 7 6 3
16 15 1 1 4 5 3 2 7 6 0
15 13 2 1 4 5 3 0 7 6 2
14 12 2 0 4 5 1 3 7 6 2
13 11 2 0 1 6 5 3 4 7 2
13 11 2 1 6 0 5 3 4 7 2
13 11 2 0 4 6 5 1 3 7 2
15 13 2 1 4 6 0 5 3 7 2
15 13 2 1 0 6 5 4 3 7 2
15 13 2 1 4 6 3 0 7 2 5
14 12 2 0 4 6 1 3 7 2 5
15 13 2 3 4 6 5 0 7 2 1
15 13 2 4 0 6 5 3 7 2 1
17 15 2 7 4 6 5 3 0 2 1
16 14 2 5 4 6 0 3 7 2 1
14 12 2 0 4 6 5 1 7 2 3
14 12 2 1 4 6 5 7 0 2 3
16 14 2 1 4 6 0 5 7 2 3
16 14 2 1 0 6 5 4 7 2 3
12 10 2 3 0 6 1 7 4 5 2
12 10 2 3 4 6 1 7 5 0 2
14 12 2 3 7 6 1 4 0 5 2
14 12 2 3 6 0 1 4 7 5 2
12 10 2 4 7 6 1 0 3 5 2
12 10 2 4 7 6 1 3 5 0 2
12 10 2 4 6 5 1 3 7 0 2
12 10 2 4 6 1 0 3 7 5 2
14 12 2 2 4 0 1 3 7 6 5
14 12 2 2 4 6 1 3 0 7 5
15 13 2 2 4 6 1 7 0 5 3
17 15 2 2 4 6 0 1 7 5 3
17 15 2 2 0 6 1 4 7 5 3
14 12 2 0 7 6 1 3 4 5 2
14 12 2 7 6 0 1 3 4 5 2
16 14 2 7 0 6 1 4 3 5 2
14 12 2 7 4 0 1 3 5 6 2
14 12 2 7 4 6 1 3 5 2 0
14 12 2 3 0 5 2 1 7 6 4
16 14 2 4 3 5 2 1 7 6 0
16 14 2 7 3 5 2 1 0 6 4
14 12 2 1 0 5 2 7 3 6 4
14 12 2 1 3 5 2 7 6 0 4
16 14 2 1 7 5 2 3 0 6 4
16 14 2 0 1 5 2 3 7 6 4
16 14 2 1 5 0 2 3 7 6 4
17 15 2 0 3 5 2 4 7 6 1
13 11 2 2 3 5 1 7 0 6 4
15 13 2 2 3 5 0 1 7 6 4
15 13 2 2 0 5 1 3 7 6 4
14 12 2 2 3 5 1 4 7 6 0
13 11 2 3 7 5 1 2 0 6 4
13 11 2 3 5 0 1 2 7 6 4
16 14 2 4 3 5 1 0 7 6 2
15 13 2 7 0 5 1 2 3 6 4
15 13 2 7 3 5 1 0 2 6 4
15 13 2 7 3 5 1 2 6 0 4
13 11 2 2 3 5 4 7 0 6 1
15 13 2 2 3 5 0 4 7 6 1
15 13 2 2 0 5 4 3 7 6 1
13 11 2 3 7 5 4 2 0 6 1
13 11 2 3 5 0 4 2 7 6 1
15 13 2 7 0 5 4 2 3 6 1
15 13 2 7 3 5 4 0 2 6 1
15 13 2 7 3 5 4 2 6 0 1
14 12 2 4 3 0 5 2 7 6 1
16 14 2 4 3 5 2 0 7 6 1
16 14 2 4 3 5 6 2 7 0 1
13 11 2 1 7 3 4 2 0 6 5
13 11 2 0 1 3 4 2 7 6 5
12 10 2 3 0 5 4 1 7 6 2
14 12 2 7 3 5 4 1 0 6 2
13 11 2 4 3 5 0 1 7 6 2
12 10 2 1 0 5 4 7 3 6 2
12 10 2 1 3 5 4 7 6 0 2
14 12 2 1 3 0 5 4 7 6 2
16 14 2 1 3 5 6 4 7 0 2
15 13 2 0 3 5 1 4 7 6 2
14 12 2 1 7 5 4 3 0 6 2
14 12 2 0 1 5 4 3 7 6 2
14 12 2 1 5 0 4 3 7 6 2
10 8 2 0 1 5 4 2 3 7 6
10 8 2 1 5 0 4 2 3 7 6
10 8 2 0 3 5 4 1 2 7 6
12 10 2 1 0 5 4 3 2 7 6
10 8 2 0 7 3 4 1 2 5 6
12 10 2 1 0 3 4 7 2 5 6
10 8 2 1 7 0 4 2 5 3 6
10 8 2 1 7 3 4 2 5 6 0
10 8 2 2 1 3 4 7 0 5 6
12 10 2 7 0 3 4 2 1 5 6
12 10 2 7 1 3 4 0 2 5 6
12 10 2 7 1 3 4 2 5 0 6
12 10 2 3 7 4 2 0 1 5 6
12 10 2 3 7 4 2 1 5 0 6
12 10 2 3 4 5 2 1 7 0 6
12 10 2 3 4 2 0 1 7 5 6
14 12 2 7 4 0 2 1 3 5 6
14 12 2 0 3 4 2 7 1 5 6
14 12 2 7 3 0 2 1 5 4 6
14 12 2 7 3 4 2 1 5 6 0
12 10 2 1 4 5 2 7 3 0 6
12 10 2 1 4 2 0 7 3 5 6
12 10 2 1 0 3 2 7 5 4 6
12 10 2 1 3 2 0 7 5 4 6
12 10 2 1 3 4 0 7 5 6 2
14 12 2 0 3 4 2 7 5 6 1
13 11 2 1 3 4 2 0 5 6 7
14 12 2 0 7 4 2 1 3 5 6
14 12 2 1 7 0 2 3 5 4 6
14 12 2 1 7 4 2 3 5 6 0
14 12 2 3 1 4 2 7 0 5 6
16 14 2 7 0 4 2 3 1 5 6
16 14 2 7 1 4 2 0 3 5 6
16 14 2 7 1 4 2 3 5 0 6
14 12 2 1 4 5 2 3 0 7 6
14 12 2 1 4 5 2 3 7 6 0
14 12 2 1 4 2 6 3 7 5 0
16 14 2 1 4 2 3 0 7 5 6
16 14 2 1 4 2 5 3 7 0 6
15 13 2 0 4 2 1 3 7 5 6
12 10 2 1 7 3 5 0 2 4 6
12 10 2 1 7 3 5 2 4 0 6
12 10 2 2 1 3 5 0 7 4 6
14 12 2 7 1 3 5 2 0 4 6
12 10 2 2 1 4 5 0 3 7 6
14 12 2 3 1 4 5 2 0 7 6
12 10 2 1 4 7 5 2 3 0 6
12 10 2 1 4 5 0 2 3 7 6
12 10 2 3 0 4 5 1 2 7 6
14 12 2 1 2 4 5 3 0 7 6
14 12 2 0 1 4 5 3 2 7 6
14 12 2 1 4 0 5 3 2 7 6
14 12 2 0 3 4 2 1 7 6 5
14 12 2 1 3 4 2 7 0 6 5
16 14 2 1 0 4 2 3 7 6 5
13 11 2 2 3 4 1 0 7 6 5
13 11 2 3 0 4 1 2 7 6 5
15 13 2 7 3 4 1 2 0 6 5
14 12 2 2 3 4 5 7 0 6 1
16 14 2 2 3 4 0 5 7 6 1
16 14 2 2 0 4 5 3 7 6 1
14 12 2 3 7 4 5 2 0 6 1
16 14 2 7 0 4 5 2 3 6 1
16 14 2 7 3 4 5 0 2 6 1
16 14 2 7 3 4 5 2 6 0 1
15 13 2 5 3 4 1 2 7 6 0
15 13 2 5 3 0 4 2 7 6 1
17 15 2 5 3 4 2 0 7 6 1
17 15 2 5 3 4 6 2 7 0 1
13 11 2 3 0 4 5 1 7 6 2
15 13 2 7 3 4 5 1 0 6 2
14 12 2 5 3 4 0 1 7 6 2
13 11 2 1 0 4 5 7 3 6 2
13 11 2 1 3 4 5 7 6 0 2
15 13 2 1 3 4 2 5 7 6 0
15 13 2 1 3 0 4 5 7 6 2
17 15 2 1 3 4 6 5 7 0 2
16 14 2 0 3 4 1 5 7 6 2
15 13 2 1 7 4 5 3 0 6 2
15 13 2 0 1 4 5 3 7 6 2
11 9 2 0 2 4 1 7 3 5 6
11 9 2 2 4 0 1 7 3 5 6
11 9 2 2 3 0 1 7 5 4 6
11 9 2 2 3 4 1 7 5 6 0
13 11 2 2 7 4 1 3 5 0 6
13 11 2 3 2 4 1 0 7 5 6
13 11 2 2 4 5 1 3 7 0 6
13 11 2 2 4 1 0 3 7 5 6
11 9 2 3 7 0 1 2 5 4 6
11 9 2 3 7 4 1 2 5 6 0
11 9 2 3 4 5 1 2 0 7 6
11 9 2 3 4 5 1 2 7 6 0
11 9 2 3 4 1 6 2 7 5 0
13 11 2 3 4 1 2 0 7 5 6
13 11 2 3 4 1 5 2 7 0 6
12 10 2 0 4 1 3 2 7 5 6
13 11 2 2 7 4 1 0 3 5 6
13 11 2 7 4 5 1 2 3 0 6
13 11 2 7 4 1 0 2 3 5 6
13 11 2 3 0 4 1 7 2 5 6
15 13 2 7 2 4 1 3 0 5 6
15 13 2 0 7 4 1 3 2 5 6
15 13 2 7 4 0 1 3 2 5 6
13 11 2 7 0 3 1 2 5 4 6
13 11 2 7 3 1 0 2 5 4 6
13 11 2 7 3 4 0 2 5 6 1
15 13 2 0 3 4 1 2 5 6 7
14 12 2 7 3 4 1 0 5 6 2
10 8 2 0 7 3 6 1 2 4 5
12 10 2 1 7 3 0 6 2 4 5
12 10 2 1 0 3 6 7 2 4 5
11 9 2 1 7 3 6 5 2 4 0
10 8 2 1 7 0 6 2 4 3 5
10 8 2 1 7 3 6 2 4 5 0
10 8 2 2 1 3 6 7 0 4 5
12 10 2 2 1 3 0 6 7 4 5
11 9 2 2 1 3 6 5 7 4 0
12 10 2 5 1 3 0 2 7 4 6
12 10 2 5 1 3 6 2 7 0 4
14 12 2 5 1 0 6 2 7 4 3
13 11 2 5 1 3 6 0 7 4 2
12 10 2 7 0 3 6 2 1 4 5
12 10 2 7 1 3 6 0 2 4 5
12 10 2 7 1 3 6 2 4 0 5
11 9 2 6 1 0 3 2 7 4 5
13 11 2 6 1 3 2 0 7 4 5
12 10 2 3 0 6 2 1 7 4 5
14 12 2 5 3 6 2 1 7 4 0
14 12 2 7 3 6 2 1 0 4 5
12 10 2 1 0 6 2 7 3 4 5
12 10 2 1 3 6 2 7 4 0 5
14 12 2 1 7 6 2 3 0 4 5
14 12 2 0 1 6 2 3 7 4 5
14 12 2 1 6 0 2 3 7 4 5
13 11 2 1 3 6 2 5 7 0 4
15 13 2 0 3 6 2 5 7 4 1
15 13 2 1 3 0 2 5 7 4 6
11 9 2 2 3 6 1 7 0 4 5
13 11 2 2 0 6 1 3 7 4 5
12 10 2 2 3 6 1 5 7 4 0
11 9 2 3 7 6 1 2 0 4 5
11 9 2 3 6 0 1 2 7 4 5
13 11 2 5 3 6 1 2 7 0 4
15 13 2 5 3 0 1 2 7 4 6
14 12 2 5 3 6 1 0 7 4 2
13 11 2 7 0 6 1 2 3 4 5
13 11 2 7 3 6 1 0 2 4 5
13 11 2 7 3 6 1 2 4 0 5
12 10 2 2 1 4 0 6 3 7 5
11 9 2 2 1 4 6 5 3 7 0
12 10 2 5 1 4 0 2 3 7 6
12 10 2 5 1 4 6 2 3 0 7
14 12 2 5 1 0 6 2 3 7 4
13 11 2 5 1 4 6 0 3 7 2
12 10 2 3 0 4 6 2 1 7 5
11 9 2 6 1 4 5 2 3 7 0
11 9 2 6 1 0 4 2 3 7 5
13 11 2 6 1 4 2 0 3 7 5
13 11 2 6 1 4 7 2 3 0 5
10 8 2 1 4 7 6 2 0 3 5
10 8 2 1 4 7 6 2 3 5 0
10 8 2 1 4 6 5 2 3 7 0
12 10 2 1 4 6 2 0 3 7 5
11 9 2 0 4 6 1 2 3 7 5
10 8 2 3 2 4 6 1 0 7 5
10 8 2 3 4 0 6 1 2 7 5
12 10 2 5 3 4 0 1 2 7 6
12 10 2 5 3 4 6 1 2 0 7
14 12 2 5 3 0 6 1 2 7 4
11 9 2 6 3 0 4 1 2 7 5
13 11 2 6 3 4 7 1 2 0 5
12 10 2 1 3 4 5 6 2 0 7
12 10 2 1 3 7 4 6 2 0 5
12 10 2 1 0 3 4 6 2 7 5
14 12 2 1 3 0 7 6 2 4 5
14 12 2 1 3 4 7 6 0 2 5
13 11 2 3 0 4 1 6 2 7 5
15 13 2 5 3 4 1 6 2 7 0
12 10 2 1 2 4 6 0 3 7 5
12 10 2 3 1 4 6 0 2 7 5
14 12 2 5 1 4 6 3 2 7 0
13 11 2 6 1 4 0 3 2 7 5
12 10 2 1 4 7 6 3 2 0 5
12 10 2 1 4 6 0 3 2 7 5
12 11 1 1 2 3 4 5 0 7 6
11 10 1 1 0 3 4 5 2 7 6
11 9 2 1 3 0 4 5 2 7 6
13 11 2 1 3 4 7 5 2 0 6
12 10 2 0 3 4 1 5 2 7 6
11 9 2 1 3 0 6 5 2 4 7
13 11 2 5 3 4 6 0 2 7 1
13 11 2 3 0 4 6 5 2 7 1
15 13 2 2 3 4 6 5 0 7 1
15 13 2 1 2 3 6 0 5 7 4
15 13 2 1 2 3 6 5 7 0 4
14 12 2 0 1 3 6 5 2 7 4
13 11 2 1 3 7 6 5 2 0 4
14 12 2 1 2 4 6 7 3 5 0
13 11 2 6 2 4 0 7 3 5 1
12 10 2 2 4 5 6 7 3 0 1
12 10 2 2 4 6 0 7 3 5 1
12 10 2 2 0 3 6 7 5 4 1
12 10 2 2 3 6 0 7 5 4 1
12 10 2 2 3 4 0 7 5 1 6
14 12 2 2 3 0 6 7 5 1 4
14 12 2 2 3 5 4 6 0 7 1
14 12 2 2 3 5 4 6 7 1 0
14 12 2 2 7 3 4 6 0 5 1
14 12 2 0 2 3 4 6 7 5 1
16 14 2 2 0 3 5 6 7 4 1
16 14 2 2 0 4 5 6 3 7 1
16 14 2 2 3 4 5 0 6 7 1
16 14 2 2 3 4 0 6 7 1 5
18 16 2 2 3 0 5 6 7 1 4
14 12 2 2 7 0 6 3 5 4 1
14 12 2 2 7 4 6 3 5 1 0
16 14 2 3 2 4 0 6 7 5 1
15 13 2 3 2 4 6 1 7 5 0
16 14 2 1 2 4 0 3 7 5 6
16 14 2 1 2 4 6 3 7 0 5
18 16 2 1 2 0 6 3 7 5 4
17 15 2 1 2 4 6 0 7 5 3
15 13 2 6 2 4 1 3 7 5 0
15 13 2 6 2 0 4 3 7 5 1
17 15 2 6 2 4 3 0 7 5 1
17 15 2 6 2 4 5 3 7 0 1
14 12 2 2 4 5 6 3 0 7 1
14 12 2 2 4 5 6 3 7 1 0
16 14 2 2 4 6 5 3 7 0 1
14 12 2 3 7 4 1 6 2 5 0
14 12 2 3 7 0 4 6 2 5 1
16 14 2 3 7 4 5 6 2 0 1
15 13 2 0 7 4 3 6 2 5 1
13 11 2 3 7 4 0 1 2 5 6
13 11 2 3 7 4 6 1 2 0 5
15 13 2 0 7 4 6 1 2 5 3
15 13 2 3 7 0 6 1 2 5 4
12 10 2 3 0 7 6 2 5 4 1
12 10 2 3 7 6 0 2 5 4 1
12 10 2 3 7 4 0 2 5 1 6
14 12 2 0 7 4 6 2 5 1 3
14 12 2 3 7 0 6 2 5 1 4
13 11 2 3 7 4 6 0 5 1 2
12 10 2 3 0 5 6 2 4 7 1
12 10 2 3 4 5 6 0 2 7 1
12 10 2 3 4 5 0 2 7 1 6
14 12 2 0 4 5 6 2 7 1 3
14 12 2 3 4 0 6 2 7 1 5
13 11 2 3 4 5 6 0 7 1 2
12 10 2 3 4 6 1 2 7 0 5
14 12 2 0 4 6 1 2 7 5 3
14 12 2 3 4 6 2 7 0 5 1
14 12 2 3 4 0 5 2 7 6 1
14 12 2 3 4 6 5 2 0 7 1
14 12 2 3 4 6 5 2 7 1 0
13 11 2 2 4 6 3 0 7 5 1
13 11 2 4 0 6 3 2 7 5 1
15 13 2 7 4 6 3 2 0 5 1
16 14 2 2 7 4 0 6 3 5 1
15 13 2 6 7 4 1 2 3 5 0
15 13 2 6 7 0 4 2 3 5 1
17 15 2 6 7 4 5 2 3 0 1
14 12 2 7 4 5 6 2 0 3 1
14 12 2 7 4 5 6 2 3 1 0
14 12 2 7 4 6 1 2 3 5 0
16 14 2 7 4 6 2 0 3 5 1
16 14 2 7 4 6 5 2 3 0 1
14 12 2 3 2 4 6 7 0 5 1
14 12 2 3 4 0 6 7 2 5 1
16 14 2 1 3 4 0 7 2 5 6
16 14 2 1 3 4 6 7 2 0 5
15 13 2 6 3 4 1 7 2 5 0
15 13 2 6 3 0 4 7 2 5 1
17 15 2 6 3 4 5 7 2 0 1
16 14 2 7 3 4 1 6 2 0 5
18 16 2 0 3 4 1 6 2 5 7
18 16 2 7 3 0 1 6 2 5 4
16 14 2 7 3 5 4 6 2 0 1
16 14 2 7 0 3 4 6 2 5 1
18 16 2 7 3 0 5 6 2 4 1
18 16 2 7 3 4 5 6 2 1 0
17 15 2 6 3 4 7 0 2 5 1
17 15 2 3 0 4 7 6 2 5 1
19 17 2 1 3 4 7 6 2 5 0
19 17 2 2 3 4 7 6 0 5 1
16 14 2 7 2 4 6 0 3 5 1
16 14 2 7 2 4 6 3 5 0 1
18 16 2 1 7 4 6 3 2 5 0
17 15 2 6 7 4 0 3 2 5 1
16 14 2 7 4 5 6 3 2 0 1
16 14 2 7 4 6 0 3 2 5 1
15 13 2 7 3 0 4 1 2 5 6
17 15 2 7 3 4 5 1 2 0 6
16 14 2 0 3 4 7 1 2 5 6
15 13 2 7 3 0 6 1 2 4 5
15 13 2 7 3 4 6 1 0 2 5
17 15 2 1 3 4 6 0 2 5 7
17 15 2 3 0 4 6 1 2 5 7
19 17 2 2 3 4 6 1 0 5 7
18 16 2 6 3 4 0 1 2 5 7
17 15 2 7 3 5 6 1 2 0 4
14 12 2 7 5 3 6 2 0 4 1
16 14 2 7 3 6 2 0 5 4 1
14 12 2 7 3 0 4 2 5 1 6
16 14 2 7 3 4 2 0 5 1 6
15 13 2 0 3 4 7 2 5 1 6
16 14 2 2 3 4 6 0 5 1 7
16 14 2 3 0 4 6 2 5 1 7
18 16 2 5 3 4 6 2 0 1 7
17 15 2 6 3 4 0 2 5 1 7
16 14 2 7 3 1 6 2 5 0 4
16 14 2 7 0 3 6 2 5 1 4
16 14 2 7 3 6 0 2 5 1 4
15 13 2 0 3 4 6 7 5 1 2
15 13 2 7 3 4 6 5 0 1 2
17 15 2 7 3 4 0 6 5 1 2
17 15 2 7 0 4 6 3 5 1 2
13 11 2 6 0 3 1 2 7 4 5
13 11 2 6 3 1 0 2 7 4 5
13 11 2 6 0 4 1 2 3 7 5
13 11 2 6 3 4 1 0 2 7 5
15 13 2 6 3 5 1 2 0 7 4
15 13 2 6 7 3 1 2 0 5 4
15 13 2 0 6 3 1 2 7 5 4
15 13 2 6 3 1 4 2 7 5 0
17 15 2 6 3 1 2 0 7 5 4
16 14 2 0 3 1 6 2 7 5 4
13 11 2 6 0 5 4 2 3 7 1
13 11 2 6 3 5 4 0 2 7 1
15 13 2 0 3 5 4 2 7 1 6
14 12 2 6 3 5 4 0 7 1 2
13 11 2 6 7 3 4 0 2 5 1
13 11 2 6 7 3 4 2 5 0 1
13 11 2 2 6 3 4 0 7 5 1
15 13 2 1 6 3 4 2 7 5 0
15 13 2 7 6 3 4 2 0 5 1
14 12 2 4 6 3 0 2 7 5 1
15 13 2 0 6 4 2 7 3 5 1
15 13 2 6 4 0 2 7 3 5 1
15 13 2 6 3 0 2 7 5 4 1
15 13 2 6 3 4 2 7 5 1 0
17 15 2 6 7 4 2 0 3 5 1
17 15 2 6 7 4 2 3 5 0 1
17 15 2 3 6 4 2 0 7 5 1
19 17 2 1 6 4 2 3 7 5 0
19 17 2 7 6 4 2 3 0 5 1
18 16 2 2 6 4 0 3 7 5 1
17 15 2 6 4 5 2 3 7 0 1
17 15 2 6 4 2 0 3 7 5 1
15 13 2 6 7 3 5 2 0 4 1
15 13 2 0 6 3 5 2 7 4 1
15 13 2 0 6 4 5 2 3 7 1
15 13 2 6 4 0 5 2 3 7 1
15 13 2 0 3 4 5 6 2 7 1
17 15 2 6 3 4 0 5 2 7 1
17 15 2 6 0 4 5 3 2 7 1
16 14 2 6 3 4 5 1 2 7 0
15 13 2 6 3 0 4 2 7 1 5
17 15 2 6 3 4 2 0 7 1 5
16 14 2 0 3 4 6 2 7 1 5
17 15 2 2 3 4 5 0 7 1 6
17 15 2 3 0 4 5 2 7 1 6
19 17 2 7 3 4 5 2 0 1 6
18 16 2 5 3 4 0 2 7 1 6
17 15 2 6 3 1 5 2 7 0 4
17 15 2 6 0 3 5 2 7 1 4
17 15 2 6 3 5 0 2 7 1 4
16 14 2 0 3 4 5 6 7 1 2
16 14 2 6 3 4 5 7 0 1 2
18 16 2 6 3 4 0 5 7 1 2
18 16 2 6 0 4 5 3 7 1 2
12 10 2 2 1 5 6 0 3 7 4
14 12 2 4 1 5 6 2 3 7 0
14 12 2 3 1 5 6 2 0 7 4
13 11 2 6 1 5 0 2 3 7 4
12 10 2 1 5 7 6 2 3 0 4
12 10 2 1 5 6 0 2 3 7 4
12 10 2 3 0 5 6 1 2 7 4
14 12 2 4 3 5 6 1 2 7 0
13 11 2 6 3 5 0 1 2 7 4
14 12 2 1 3 5 4 6 2 7 0
14 12 2 1 3 0 5 6 2 7 4
16 14 2 1 3 5 7 6 2 0 4
15 13 2 0 3 5 1 6 2 7 4
14 12 2 1 2 5 6 3 0 7 4
14 12 2 0 1 5 6 3 2 7 4
14 12 2 1 5 0 6 3 2 7 4
13 11 2 1 3 5 0 4 2 7 6
13 11 2 1 3 5 6 4 2 0 7
15 13 2 0 3 5 6 4 2 7 1
15 13 2 1 3 0 6 4 2 7 5
14 12 2 0 3 5 2 1 7 4 6
14 12 2 1 3 5 2 7 0 4 6
16 14 2 1 0 5 2 3 7 4 6
13 11 2 2 3 5 1 0 7 4 6
13 11 2 3 0 5 1 2 7 4 6
15 13 2 7 3 5 1 2 0 4 6
14 12 2 2 3 5 6 7 0 4 1
16 14 2 2 3 5 0 6 7 4 1
16 14 2 2 0 5 6 3 7 4 1
14 12 2 3 7 5 6 2 0 4 1
14 12 2 3 5 0 6 2 7 4 1
16 14 2 7 0 5 6 2 3 4 1
16 14 2 7 3 5 6 0 2 4 1
16 14 2 7 3 5 6 2 4 0 1
15 13 2 6 3 5 1 2 7 4 0
17 15 2 6 3 5 2 0 7 4 1
13 11 2 3 0 5 6 1 7 4 2
15 13 2 7 3 5 6 1 0 4 2
13 11 2 1 0 5 6 7 3 4 2
13 11 2 1 3 5 6 7 4 0 2
15 13 2 1 7 5 6 3 0 4 2
15 13 2 0 1 5 6 3 7 4 2
15 13 2 1 5 0 6 3 7 4 2
14 12 2 4 7 3 6 1 2 5 0
13 11 2 6 7 3 0 1 2 5 4
14 12 2 1 7 3 4 6 2 5 0
14 12 2 1 7 0 3 6 2 5 4
16 14 2 1 7 3 5 6 2 0 4
15 13 2 0 7 3 1 6 2 5 4
14 12 2 1 2 3 6 7 0 5 4
14 12 2 1 3 0 6 7 2 5 4
13 11 2 1 7 3 0 4 2 5 6
13 11 2 1 7 3 6 4 2 0 5
15 13 2 0 7 3 6 4 2 5 1
15 13 2 1 7 0 6 4 2 5 3
12 10 2 1 0 7 6 2 5 3 4
12 10 2 1 7 6 0 2 5 3 4
12 10 2 1 7 3 0 2 5 4 6
14 12 2 0 7 3 6 2 5 4 1
14 12 2 1 7 0 6 2 5 4 3
13 11 2 1 7 3 6 0 5 4 2
12 10 2 2 0 3 6 7 1 5 4
12 10 2 2 1 3 6 7 5 0 4
14 12 2 2 1 0 3 6 7 5 4
16 14 2 2 1 3 5 6 7 0 4
13 11 2 2 1 3 0 4 7 5 6
13 11 2 2 1 3 6 4 7 0 5
15 13 2 2 1 0 6 4 7 5 3
14 12 2 4 1 0 3 2 7 5 6
16 14 2 4 1 3 2 0 7 5 6
16 14 2 4 1 3 5 2 7 0 6
14 12 2 4 1 0 6 2 7 3 5
14 12 2 4 1 3 6 2 0 7 5
16 14 2 4 1 5 6 2 7 0 3
16 14 2 4 0 1 6 2 7 5 3
16 14 2 4 1 6 0 2 7 5 3
15 13 2 0 1 3 6 4 7 5 2
15 13 2 4 1 3 6 7 0 5 2
17 15 2 4 0 3 6 1 7 5 2
14 12 2 0 7 3 6 2 1 5 4
14 12 2 0 1 3 6 7 2 5 4
16 14 2 7 1 3 0 6 2 5 4
16 14 2 7 0 3 6 1 2 5 4
15 13 2 7 1 3 6 4 2 5 0
14 12 2 7 1 0 6 2 5 3 4
14 12 2 7 1 3 6 2 5 4 0
13 11 2 6 1 3 4 2 7 0 5
15 13 2 6 1 0 4 2 7 5 3
13 11 2 6 1 5 3 2 7 0 4
13 11 2 6 0 1 3 2 7 5 4
15 13 2 6 1 3 2 7 0 5 4
16 14 2 6 1 3 2 4 7 5 0
15 13 2 6 1 0 5 2 7 3 4
15 13 2 6 1 3 5 2 0 7 4
15 13 2 6 1 3 5 2 7 4 0
12 10 2 1 0 6 4 2 3 7 5
12 10 2 1 3 6 4 0 2 7 5
14 12 2 2 3 6 4 7 0 5 1
16 14 2 2 0 6 4 3 7 5 1
14 12 2 3 7 6 4 2 0 5 1
14 12 2 3 6 0 4 2 7 5 1
16 14 2 7 0 6 4 2 3 5 1
16 14 2 7 3 6 4 0 2 5 1
16 14 2 7 3 6 4 2 5 0 1
13 11 2 3 0 6 4 1 7 5 2
15 13 2 7 3 6 4 1 0 5 2
13 11 2 1 0 6 4 7 3 5 2
15 13 2 1 7 6 4 3 0 5 2
15 13 2 0 1 6 4 3 7 5 2
15 13 2 1 6 0 4 3 7 5 2
14 12 2 3 7 6 2 1 0 5 4
14 12 2 3 6 0 2 1 7 5 4
16 14 2 4 3 6 2 1 7 0 5
18 16 2 4 3 0 2 1 7 5 6
16 14 2 7 0 6 2 1 3 5 4
16 14 2 7 3 6 2 0 1 5 4
16 14 2 7 3 6 2 1 5 0 4
14 12 2 0 1 6 2 7 3 5 4
14 12 2 1 6 0 2 7 3 5 4
14 12 2 1 3 0 2 7 5 6 4
16 14 2 1 7 6 2 0 3 5 4
16 14 2 1 7 6 2 3 5 0 4
16 14 2 3 1 6 2 0 7 5 4
18 16 2 4 1 6 2 3 7 5 0
18 16 2 7 1 6 2 3 0 5 4
16 14 2 1 6 5 2 3 7 0 4
16 14 2 1 6 2 0 3 7 5 4
15 13 2 1 3 0 6 4 7 5 2
17 15 2 1 3 6 5 4 7 0 2
15 13 2 1 3 0 2 4 7 6 5
15 13 2 1 3 6 2 4 0 7 5
17 15 2 3 0 6 2 4 7 5 1
19 17 2 7 3 6 2 4 0 5 1
17 15 2 1 3 5 2 4 7 0 6
17 15 2 1 0 3 2 4 7 5 6
17 15 2 1 3 2 0 4 7 5 6
14 12 2 1 7 3 5 2 0 6 4
14 12 2 0 1 3 5 2 7 6 4
14 12 2 0 1 6 5 2 3 7 4
14 12 2 1 6 0 5 2 3 7 4
14 12 2 0 3 6 5 1 2 7 4
16 15 1 1 3 6 4 5 2 7 0
16 14 2 1 3 6 0 5 2 7 4
16 14 2 1 0 6 5 3 2 7 4
15 13 2 1 3 6 5 4 2 7 0
16 14 2 2 3 6 5 0 7 4 1
16 14 2 3 0 6 5 2 7 4 1
18 16 2 7 3 6 5 2 0 4 1
17 15 2 5 3 6 0 2 7 4 1
15 13 2 0 3 6 5 1 7 4 2
15 13 2 1 3 6 5 7 0 4 2
17 15 2 1 3 6 0 5 7 4 2
17 15 2 1 0 6 5 3 7 4 2
13 11 2 2 0 6 1 7 3 5 4
13 11 2 2 3 6 1 7 5 0 4
15 13 2 2 7 6 1 3 0 5 4
15 13 2 0 2 6 1 3 7 5 4
15 13 2 2 6 0 1 3 7 5 4
14 12 2 2 3 6 0 4 7 5 1
14 12 2 2 3 6 1 4 7 0 5
16 14 2 2 3 0 1 4 7 5 6
13 11 2 3 7 6 1 0 2 5 4
13 11 2 3 7 6 1 2 5 0 4
13 11 2 3 6 5 1 2 7 0 4
13 11 2 3 6 1 0 2 7 5 4
15 13 2 4 3 0 6 2 7 5 1
17 15 2 4 3 6 2 0 7 5 1
17 15 2 4 3 6 5 2 7 0 1
15 13 2 4 3 0 1 2 7 6 5
15 13 2 4 3 6 1 2 0 7 5
17 15 2 4 3 5 1 2 7 0 6
17 15 2 4 0 3 1 2 7 5 6
17 15 2 4 3 1 0 2 7 5 6
16 14 2 0 3 6 1 4 7 5 2
16 14 2 4 3 6 1 7 0 5 2
18 16 2 4 3 6 0 1 7 5 2
15 13 2 0 7 6 1 2 3 5 4
15 13 2 7 6 0 1 2 3 5 4
15 13 2 0 3 6 1 7 2 5 4
17 15 2 7 3 6 0 1 2 5 4
17 15 2 7 0 6 1 3 2 5 4
16 14 2 7 3 6 1 4 2 5 0
15 13 2 7 3 0 1 2 5 6 4
15 13 2 7 3 6 1 2 5 4 0
10 8 2 3 7 4 2 6 1 5 0
10 8 2 3 7 0 4 6 1 5 2
12 10 2 3 7 4 5 6 1 0 2
11 9 2 0 7 4 3 6 1 5 2
9 7 2 3 7 4 0 2 1 5 6
9 7 2 3 7 4 6 2 1 0 5
11 9 2 0 7 4 6 2 1 5 3
11 9 2 3 7 0 6 2 1 5 4
8 6 2 3 0 7 6 1 5 4 2
8 6 2 3 7 6 0 1 5 4 2
8 6 2 3 7 4 0 1 5 2 6
10 8 2 3 7 0 6 1 5 2 4
8 6 2 3 0 5 6 1 4 7 2
8 6 2 3 4 5 6 0 1 7 2
8 6 2 3 4 5 0 1 7 2 6
10 8 2 3 4 0 6 1 7 2 5
8 6 2 3 4 6 2 1 7 0 5
10 8 2 3 4 0 5 1 7 6 2
10 8 2 3 4 6 5 1 0 7 2
10 8 2 3 4 6 5 1 7 2 0
10 8 2 2 3 5 4 1 0 7 6
10 8 2 2 3 5 4 1 7 6 0
10 8 2 2 7 3 4 1 0 5 6
10 8 2 0 2 3 4 1 7 5 6
12 10 2 2 0 3 5 1 7 4 6
12 10 2 2 0 4 5 1 3 7 6
12 10 2 2 3 4 5 0 1 7 6
12 10 2 2 3 4 0 1 7 6 5
10 8 2 2 7 3 6 1 0 4 5
10 8 2 0 2 3 6 1 7 4 5
10 8 2 0 2 4 6 1 3 7 5
10 8 2 2 4 0 6 1 3 7 5
10 8 2 0 3 4 6 2 1 7 5
12 10 2 2 3 4 0 6 1 7 5
11 9 2 2 3 4 6 5 1 7 0
12 10 2 2 0 5 6 1 3 7 4
12 10 2 2 3 5 6 0 1 7 4
12 10 2 2 3 5 0 1 7 4 6
12 10 2 2 7 3 6 0 1 5 4
12 10 2 2 7 3 6 1 5 0 4
12 10 2 1 2 3 6 0 7 5 4
14 12 2 4 2 3 6 1 7 5 0
14 12 2 7 2 3 6 1 0 5 4
13 11 2 6 2 3 0 1 7 5 4
12 10 2 2 3 6 4 1 7 0 5
14 12 2 2 3 0 5 1 7 6 4
14 12 2 2 3 6 5 1 0 7 4
14 12 2 2 3 6 5 1 7 4 0
10 8 2 7 4 5 6 1 0 3 2
10 8 2 7 4 5 6 1 3 2 0
10 8 2 7 4 6 2 1 3 5 0
12 10 2 7 4 6 5 1 3 0 2
12 10 2 2 3 4 0 7 1 5 6
12 10 2 2 3 4 6 7 1 0 5
14 12 2 2 3 0 6 7 1 5 4
11 9 2 6 3 4 2 7 1 5 0
11 9 2 6 3 0 4 7 1 5 2
13 11 2 6 3 4 5 7 1 0 2
12 10 2 7 3 4 2 6 1 0 5
14 12 2 0 3 4 2 6 1 5 7
14 12 2 7 3 0 2 6 1 5 4
12 10 2 7 3 5 4 6 1 0 2
14 12 2 7 3 0 5 6 1 4 2
14 12 2 7 3 4 5 6 0 1 2
14 12 2 7 3 4 5 6 1 2 0
13 11 2 6 3 4 7 0 1 5 2
13 11 2 3 0 4 7 6 1 5 2
15 13 2 2 3 4 7 6 1 5 0
15 13 2 1 3 4 7 6 0 5 2
11 9 2 7 3 0 4 2 1 5 6
13 11 2 7 3 4 5 2 1 0 6
12 10 2 0 3 4 7 2 1 5 6
11 9 2 7 3 0 6 2 1 4 5
11 9 2 7 3 4 6 2 0 1 5
13 11 2 2 3 4 6 0 1 5 7
13 11 2 3 0 4 6 2 1 5 7
15 13 2 1 3 4 6 2 0 5 7
14 12 2 6 3 4 0 2 1 5 7
13 11 2 7 3 5 6 2 1 0 4
13 11 2 7 3 6 0 2 1 5 4
10 8 2 7 5 3 6 1 0 4 2
10 8 2 0 7 3 6 1 5 4 2
10 8 2 7 3 6 2 1 5 4 0
12 10 2 7 3 6 4 1 5 0 2
10 8 2 7 3 0 4 1 5 2 6
12 10 2 7 3 2 6 1 5 0 4
12 10 2 7 0 3 6 1 5 2 4
12 10 2 7 3 6 0 1 5 2 4
9 7 2 6 0 3 2 1 7 4 5
9 7 2 6 3 2 0 1 7 4 5
9 7 2 6 0 4 2 1 3 7 5
9 7 2 6 3 4 2 0 1 7 5
11 9 2 6 3 5 2 1 0 7 4
11 9 2 6 7 3 2 1 0 5 4
11 9 2 0 6 3 2 1 7 5 4
11 9 2 6 3 2 4 1 7 5 0
9 7 2 6 0 5 4 1 3 7 2
9 7 2 6 3 5 4 0 1 7 2
9 7 2 6 7 3 4 0 1 5 2
9 7 2 6 7 3 4 1 5 0 2
9 7 2 1 6 3 4 0 7 5 2
11 9 2 2 6 3 4 1 7 5 0
11 9 2 7 6 3 4 1 0 5 2
10 8 2 4 6 3 0 1 7 5 2
11 9 2 6 7 3 5 1 0 4 2
11 9 2 0 6 3 5 1 7 4 2
11 9 2 6 3 5 2 1 7 4 0
11 9 2 0 6 4 5 1 3 7 2
11 9 2 6 4 0 5 1 3 7 2
11 9 2 0 3 4 5 6 1 7 2
13 11 2 6 3 4 0 5 1 7 2
12 10 2 6 3 4 5 2 1 7 0
11 9 2 6 3 0 4 1 7 2 5
13 11 2 6 3 2 5 1 7 0 4
13 11 2 6 0 3 5 1 7 2 4
13 11 2 6 3 5 0 1 7 2 4
10 8 2 2 1 0 4 7 3 5 6
12 10 2 2 1 4 7 0 3 5 6
12 10 2 2 1 4 5 7 3 0 6
10 8 2 2 1 0 6 7 3 4 5
10 8 2 2 1 4 6 7 0 3 5
12 10 2 2 1 5 6 7 3 0 4
12 10 2 2 0 1 6 7 3 5 4
12 10 2 2 1 6 0 7 3 5 4
11 9 2 2 1 4 6 3 0 5 7
13 11 2 2 1 4 0 6 3 5 7
13 11 2 2 0 4 6 1 3 5 7
9 7 2 6 1 4 2 7 3 0 5
11 9 2 6 1 0 2 7 3 5 4
10 8 2 6 1 4 2 0 3 5 7
9 7 2 6 1 5 4 7 3 0 2
9 7 2 6 0 1 4 7 3 5 2
11 9 2 6 1 4 7 3 0 5 2
13 11 2 6 0 4 7 1 3 5 2
12 10 2 6 1 4 7 2 3 5 0
11 9 2 6 1 0 5 7 3 4 2
11 9 2 6 1 4 5 7 0 3 2
11 9 2 6 1 4 5 7 3 2 0
8 6 2 1 0 5 6 7 4 3 2
8 6 2 1 4 5 6 0 7 3 2
8 6 2 1 4 5 0 7 3 2 6
10 8 2 0 4 5 6 7 3 2 1
10 8 2 1 4 0 6 7 3 2 5
9 7 2 1 4 5 6 0 3 2 7
8 6 2 1 4 6 2 7 3 0 5
10 8 2 0 4 6 2 7 3 5 1
9 7 2 1 4 6 2 0 3 5 7
12 10 2 1 4 6 0 2 3 5 7
12 10 2 1 4 6 7 2 3 0 5
14 12 2 0 4 6 7 2 3 5 1
14 12 2 1 4 0 7 2 3 5 6
10 8 2 0 4 6 7 1 3 5 2
10 8 2 1 4 6 7 3 0 5 2
12 10 2 1 0 6 7 4 3 5 2
10 8 2 1 4 0 5 7 3 6 2
10 8 2 1 4 6 5 7 0 3 2
10 8 2 1 4 6 5 7 3 2 0
9 7 2 4 0 6 1 7 3 5 2
11 9 2 2 4 6 1 7 3 5 0
8 6 2 1 5 3 6 0 7 4 2
8 6 2 1 5 3 6 7 4 0 2
8 6 2 7 1 3 6 0 5 4 2
10 8 2 2 1 3 6 7 5 4 0
10 8 2 5 1 3 6 7 0 4 2
9 7 2 6 1 3 0 7 5 4 2
10 8 2 0 3 6 2 7 5 4 1
9 7 2 1 3 6 2 0 5 4 7
12 10 2 1 3 6 0 2 5 4 7
12 10 2 1 3 6 7 2 5 0 4
14 12 2 0 3 6 7 2 5 4 1
14 12 2 1 3 0 7 2 5 4 6
10 8 2 0 3 6 7 1 5 4 2
10 8 2 1 3 6 7 5 0 4 2
12 10 2 1 0 6 7 3 5 4 2
10 8 2 1 3 0 4 7 5 6 2
9 7 2 7 3 6 1 0 5 4 2
9 7 2 3 0 6 1 7 5 4 2
11 9 2 2 3 6 1 7 5 4 0
11 9 2 5 3 6 1 7 0 4 2
8 6 2 1 3 2 4 7 5 0 6
8 6 2 1 0 3 4 7 5 2 6
10 8 2 0 3 4 7 1 5 2 6
10 8 2 1 3 4 7 5 0 2 6
12 10 2 1 0 4 7 3 5 2 6
9 7 2 3 0 4 1 7 5 2 6
11 9 2 5 3 4 1 7 0 2 6
10 8 2 7 3 4 6 5 0 2 1
10 8 2 3 5 4 6 7 0 2 1
10 8 2 3 4 0 6 7 5 2 1
12 10 2 5 0 4 6 7 3 2 1
12 10 2 5 3 4 6 7 2 0 1
11 9 2 6 3 0 4 7 5 2 1
13 11 2 6 3 4 7 0 5 2 1
10 8 2 1 3 2 6 7 5 4 0
10 8 2 1 5 3 6 7 0 2 4
10 8 2 0 1 3 6 7 5 2 4
10 8 2 1 3 6 4 7 5 2 0
12 10 2 1 3 6 7 0 5 2 4
11 9 2 0 3 6 1 7 5 2 4
9 7 2 3 0 4 6 1 5 2 7
11 9 2 5 3 4 6 1 0 2 7
10 8 2 6 3 4 0 1 5 2 7
9 7 2 1 0 4 6 5 3 2 7
11 9 2 1 3 4 7 6 5 2 0
11 9 2 1 3 0 4 6 5 2 7
13 11 2 1 3 4 2 6 5 0 7
11 9 2 1 5 4 6 3 0 2 7
11 9 2 1 4 0 6 3 5 2 7
10 8 2 1 7 3 2 6 0 4 5
10 8 2 0 1 3 2 6 7 4 5
12 10 2 1 3 2 6 0 7 4 5
11 9 2 0 3 2 1 6 7 4 5
10 8 2 0 1 4 2 6 3 7 5
10 8 2 1 4 0 2 6 3 7 5
10 8 2 0 3 4 2 1 6 7 5
12 10 2 1 0 4 2 3 6 7 5
12 10 2 3 7 4 2 0 6 5 1
12 10 2 3 7 4 2 6 5 0 1
12 10 2 3 4 5 2 6 7 0 1
12 10 2 3 4 2 0 6 7 5 1
14 12 2 7 4 0 2 6 3 5 1
14 12 2 0 3 4 2 7 6 5 1
16 14 2 7 0 4 2 3 6 5 1
14 12 2 7 3 0 2 6 5 4 1
14 12 2 7 3 4 2 6 5 1 0
12 10 2 1 0 5 2 6 3 7 4
12 10 2 1 3 5 2 0 6 7 4
12 10 2 1 7 3 2 0 6 5 4
12 10 2 1 7 3 2 6 5 0 4
14 12 2 7 1 3 2 6 0 5 4
14 12 2 0 3 2 4 6 7 5 1
13 11 2 1 3 2 4 0 7 5 6
14 12 2 0 3 2 6 1 7 5 4
14 12 2 1 3 2 6 7 0 5 4
16 14 2 1 0 2 6 3 7 5 4
15 13 2 1 3 2 6 4 7 5 0
13 11 2 6 3 2 1 0 7 5 4
13 11 2 3 0 2 1 6 7 5 4
15 13 2 4 3 2 1 6 7 5 0
15 13 2 7 3 2 1 6 0 5 4
10 8 2 0 1 5 4 6 3 7 2
10 8 2 1 5 0 4 6 3 7 2
10 8 2 0 3 5 4 1 6 7 2
12 10 2 1 3 5 0 4 6 7 2
12 10 2 1 0 5 4 3 6 7 2
11 9 2 1 3 5 4 2 6 7 0
12 10 2 6 3 5 4 0 7 2 1
12 10 2 3 0 5 4 6 7 2 1
14 12 2 7 3 5 4 6 0 2 1
13 11 2 4 3 5 0 6 7 2 1
11 9 2 0 3 5 4 1 7 2 6
11 9 2 1 3 5 4 7 0 2 6
13 11 2 1 3 5 0 4 7 2 6
13 11 2 1 0 5 4 3 7 2 6
10 8 2 0 7 3 4 1 6 5 2
12 10 2 1 7 3 0 4 6 5 2
12 10 2 1 0 3 4 7 6 5 2
11 9 2 1 7 3 4 2 6 5 0
10 8 2 1 7 0 4 6 5 3 2
10 8 2 1 7 3 4 6 5 2 0
10 8 2 6 1 3 4 7 0 5 2
12 10 2 6 1 3 0 4 7 5 2
12 10 2 2 1 3 4 6 7 0 5
12 10 2 7 0 3 4 6 1 5 2
12 10 2 7 1 3 4 0 6 5 2
12 10 2 7 1 3 4 6 5 0 2
11 9 2 4 1 3 2 6 7 5 0
11 9 2 4 1 0 3 6 7 5 2
13 11 2 4 1 3 5 6 7 0 2
12 10 2 1 7 3 5 0 6 4 2
12 10 2 1 7 3 5 6 4 0 2
12 10 2 6 1 3 5 0 7 4 2
14 12 2 2 1 3 5 6 7 4 0
14 12 2 7 1 3 5 6 0 4 2
13 11 2 5 1 3 0 6 7 4 2
14 12 2 0 3 5 2 6 7 4 1
13 11 2 6 3 5 1 0 7 4 2
13 11 2 3 0 5 1 6 7 4 2
15 13 2 7 3 5 1 6 0 4 2
14 12 2 2 1 4 5 6 3 7 0
13 11 2 5 1 4 0 6 3 7 2
12 10 2 1 4 7 5 6 3 0 2
12 10 2 3 0 4 5 1 6 7 2
14 12 2 2 3 4 5 1 6 7 0
13 11 2 5 3 4 0 1 6 7 2
14 12 2 1 3 4 2 5 6 7 0
15 14 1 1 6 3 4 5 0 7 2
14 13 1 1 0 3 4 5 6 7 2
14 12 2 1 3 0 4 5 6 7 2
16 14 2 1 3 4 7 5 6 0 2
15 13 2 0 3 4 1 5 6 7 2
14 12 2 1 6 4 5 3 0 7 2
14 12 2 0 1 4 5 3 6 7 2
14 12 2 1 4 0 5 3 6 7 2
13 11 2 1 3 4 0 2 6 7 5
13 11 2 1 3 4 5 2 6 0 7
15 13 2 0 3 4 5 2 6 7 1
15 13 2 1 3 0 5 2 6 7 4
12 10 2 1 3 2 4 6 7 0 5
12 10 2 1 0 3 4 6 7 2 5
14 12 2 0 3 4 6 1 7 2 5
14 12 2 1 3 4 6 7 0 2 5
13 11 2 6 3 4 1 0 7 2 5
13 11 2 3 0 4 1 6 7 2 5
15 13 2 7 3 4 1 6 0 2 5
14 12 2 6 3 4 5 7 0 2 1
16 14 2 6 3 4 0 5 7 2 1
16 14 2 6 0 4 5 3 7 2 1
14 12 2 3 7 4 5 6 0 2 1
14 12 2 3 4 0 5 6 7 2 1
16 14 2 7 0 4 5 6 3 2 1
16 14 2 7 3 4 5 0 6 2 1
15 13 2 5 3 4 1 6 7 2 0
15 13 2 5 3 0 4 6 7 2 1
17 15 2 5 3 4 6 0 7 2 1
17 15 2 5 3 4 2 6 7 0 1
14 12 2 1 3 2 5 6 0 7 4
14 12 2 1 3 2 5 6 7 4 0
14 12 2 1 7 3 5 6 0 2 4
14 12 2 0 1 3 5 6 7 2 4
16 14 2 1 3 5 6 0 7 2 4
15 13 2 0 3 5 1 6 7 2 4
13 11 2 3 0 4 5 1 7 2 6
15 13 2 7 3 4 5 1 0 2 6
14 12 2 5 3 4 0 1 7 2 6
13 11 2 1 0 4 5 7 3 2 6
13 11 2 1 3 4 5 7 2 0 6
15 13 2 1 3 4 6 5 7 2 0
15 13 2 1 3 0 4 5 7 2 6
17 15 2 1 3 4 2 5 7 0 6
16 14 2 0 3 4 1 5 7 2 6
15 13 2 1 7 4 5 3 0 2 6
11 9 2 0 6 4 1 7 3 5 2
11 9 2 6 4 0 1 7 3 5 2
11 9 2 6 3 0 1 7 5 4 2
11 9 2 6 3 4 1 7 5 2 0
13 11 2 6 7 4 1 3 5 0 2
13 11 2 3 6 4 1 0 7 5 2
15 13 2 2 6 4 1 3 7 5 0
14 12 2 1 6 4 0 3 7 5 2
13 11 2 6 4 5 1 3 7 0 2
13 11 2 6 4 1 0 3 7 5 2
13 11 2 3 7 4 0 1 6 5 2
12 10 2 3 7 4 1 2 6 5 0
11 9 2 3 7 0 1 6 5 4 2
11 9 2 3 7 4 1 6 5 2 0
11 9 2 3 4 5 1 6 0 7 2
11 9 2 3 4 5 1 6 7 2 0
11 9 2 3 4 1 2 6 7 5 0
13 11 2 3 4 1 6 0 7 5 2
13 11 2 3 4 1 5 6 7 0 2
12 10 2 0 4 1 3 6 7 5 2
13 11 2 2 0 3 1 6 7 4 5
13 11 2 2 3 1 0 6 7 4 5
13 11 2 2 0 4 1 6 3 7 5
13 11 2 2 3 4 1 0 6 7 5
15 13 2 2 3 5 1 6 0 7 4
15 13 2 2 3 5 1 6 7 4 0
15 13 2 2 7 3 1 6 0 5 4
15 13 2 0 2 3 1 6 7 5 4
15 13 2 2 3 1 4 6 7 5 0
17 15 2 2 3 1 6 0 7 5 4
17 15 2 2 3 1 5 6 7 0 4
16 14 2 0 3 1 2 6 7 5 4
13 11 2 7 4 5 1 6 3 0 2
13 11 2 7 4 1 0 6 3 5 2
13 11 2 3 0 4 1 7 6 5 2
15 13 2 2 3 4 1 7 6 5 0
14 12 2 1 3 4 0 7 6 5 2
15 13 2 7 3 4 2 1 6 5 0
15 13 2 7 3 0 4 1 6 5 2
17 15 2 7 3 4 5 1 6 0 2
16 14 2 0 3 4 7 1 6 5 2
15 13 2 7 6 4 1 3 0 5 2
15 13 2 0 7 4 1 3 6 5 2
15 13 2 7 4 0 1 3 6 5 2
14 12 2 7 3 4 0 2 6 5 1
14 12 2 7 3 4 1 2 6 0 5
16 14 2 0 3 4 1 2 6 5 7
16 14 2 7 3 0 1 2 6 5 4
13 11 2 7 0 3 1 6 5 4 2
13 11 2 7 3 1 0 6 5 4 2
13 11 2 7 3 4 0 6 5 2 1
15 13 2 0 3 4 1 6 5 2 7
15 13 2 7 3 0 1 6 5 2 4
14 12 2 7 3 4 1 0 5 2 6
12 10 2 2 7 4 0 1 3 5 6
12 10 2 2 7 4 6 1 3 0 5
14 12 2 2 7 0 6 1 3 5 4
11 9 2 6 7 4 2 1 3 5 0
11 9 2 6 7 0 4 1 3 5 2
13 11 2 6 7 4 5 1 3 0 2
12 10 2 1 7 4 2 6 3 0 5
14 12 2 0 7 4 2 6 3 5 1
14 12 2 1 7 0 2 6 3 5 4
12 10 2 1 7 5 4 6 3 0 2
12 10 2 1 0 7 4 6 3 5 2
14 12 2 1 7 0 5 6 3 4 2
14 12 2 1 7 4 5 6 0 3 2
14 12 2 1 7 4 5 6 3 2 0
13 11 2 6 7 4 1 0 3 5 2
15 13 2 2 7 4 1 6 3 5 0
11 9 2 1 7 0 4 2 3 5 6
13 11 2 1 7 4 5 2 3 0 6
11 9 2 1 7 0 6 2 3 4 5
11 9 2 1 7 4 6 2 0 3 5
13 11 2 1 7 5 6 2 3 0 4
13 11 2 1 0 7 6 2 3 5 4
13 11 2 1 7 6 0 2 3 5 4
10 8 2 1 5 7 6 3 0 4 2
10 8 2 0 1 7 6 3 5 4 2
10 8 2 1 7 6 2 3 5 4 0
12 10 2 1 7 6 3 0 5 4 2
12 10 2 1 7 6 4 3 5 0 2
11 9 2 0 7 6 1 3 5 4 2
10 8 2 1 7 0 4 3 5 2 6
12 10 2 1 7 4 3 0 5 2 6
11 9 2 0 7 4 1 3 5 2 6
12 10 2 3 7 4 6 0 5 2 1
12 10 2 7 0 4 6 3 5 2 1
14 12 2 5 7 4 6 3 0 2 1
13 11 2 6 7 4 0 3 5 2 1
12 10 2 1 7 2 6 3 5 0 4
12 10 2 1 0 7 6 3 5 2 4
12 10 2 1 7 6 0 3 5 2 4
11 9 2 0 7 4 6 1 5 2 3
11 9 2 1 7 4 6 5 0 2 3
13 11 2 1 7 4 0 6 5 2 3
13 11 2 1 0 4 6 7 5 2 3
10 8 2 3 4 0 6 7 1 5 2
10 8 2 3 1 0 6 7 5 4 2
10 8 2 3 1 4 6 7 5 2 0
12 10 2 3 1 4 2 6 7 0 5
14 12 2 3 1 0 2 6 7 5 4
12 10 2 3 1 5 4 6 7 0 2
12 10 2 3 0 1 4 6 7 5 2
14 12 2 3 1 0 5 6 7 4 2
14 12 2 3 1 4 5 6 0 7 2
14 12 2 3 1 4 5 6 7 2 0
11 9 2 3 1 0 4 2 7 5 6
13 11 2 3 1 4 5 2 7 0 6
11 9 2 3 1 0 6 2 7 4 5
13 11 2 3 1 5 6 2 7 0 4
13 11 2 3 0 1 6 2 7 5 4
13 11 2 3 1 6 0 2 7 5 4
12 10 2 2 1 5 4 3 7 0 6
12 10 2 2 0 1 4 3 7 5 6
14 12 2 2 1 4 3 7 0 5 6
16 14 2 2 0 4 3 1 7 5 6
14 12 2 2 1 0 5 3 7 4 6
14 12 2 2 1 4 5 3 0 7 6
14 12 2 2 1 4 5 3 7 6 0
12 10 2 2 0 1 6 3 7 4 5
12 10 2 2 1 6 0 3 7 4 5
12 10 2 2 0 4 6 3 1 7 5
14 12 2 2 1 5 6 3 0 7 4
14 12 2 2 1 5 6 3 7 4 0
14 12 2 2 7 1 6 3 0 5 4
14 12 2 0 2 1 6 3 7 5 4
14 12 2 2 1 6 4 3 7 5 0
16 14 2 2 1 6 3 0 7 5 4
16 14 2 2 1 6 5 3 7 0 4
13 11 2 1 0 4 6 2 7 5 3
15 13 2 7 1 4 6 2 0 5 3
13 11 2 2 0 4 6 7 1 5 3
13 11 2 2 1 4 6 7 5 0 3
15 13 2 2 1 0 4 6 7 5 3
17 15 2 2 1 4 5 6 7 0 3
15 13 2 2 7 4 6 1 0 5 3
15 13 2 0 2 4 6 1 7 5 3
15 13 2 2 4 0 6 1 7 5 3
14 12 2 2 7 4 6 3 1 5 0
13 11 2 6 7 4 0 3 1 5 2
12 10 2 7 4 5 6 3 1 0 2
12 10 2 7 4 6 0 3 1 5 2
14 12 2 7 1 4 2 6 3 5 0
14 12 2 7 1 0 4 6 3 5 2
16 14 2 7 1 4 5 6 3 0 2
15 13 2 0 1 4 7 6 3 5 2
13 11 2 7 1 4 0 2 3 5 6
13 11 2 7 1 4 6 2 3 0 5
15 13 2 0 1 4 6 2 3 5 7
15 13 2 7 1 0 6 2 3 5 4
12 10 2 7 0 1 6 3 5 4 2
12 10 2 7 1 6 0 3 5 4 2
12 10 2 7 1 4 0 3 5 2 6
14 12 2 0 1 4 6 3 5 2 7
14 12 2 7 1 0 6 3 5 2 4
13 11 2 7 1 4 6 0 5 2 3
11 9 2 6 1 0 2 3 7 4 5
11 9 2 6 1 4 2 3 0 7 5
13 11 2 6 1 5 2 3 7 0 4
13 11 2 6 0 1 2 3 7 5 4
13 11 2 6 1 2 0 3 7 5 4
12 10 2 0 1 4 2 6 7 5 3
12 10 2 6 1 4 2 7 0 5 3
14 12 2 6 0 4 2 1 7 5 3
11 9 2 6 1 5 4 3 0 7 2
11 9 2 6 1 5 4 3 7 2 0
11 9 2 6 7 1 4 3 0 5 2
11 9 2 0 6 1 4 3 7 5 2
13 11 2 1 0 4 3 6 7 5 2
15 13 2 2 1 4 3 6 7 5 0
15 13 2 7 1 4 3 6 0 5 2
13 11 2 6 0 4 3 7 1 5 2
13 11 2 6 1 4 3 7 5 0 2
15 13 2 6 7 4 3 1 0 5 2
15 13 2 0 6 4 3 1 7 5 2
15 13 2 6 4 0 3 1 7 5 2
14 12 2 6 1 4 0 2 7 5 3
14 12 2 6 1 4 3 2 7 0 5
16 14 2 0 1 4 3 2 7 5 6
13 11 2 6 0 1 5 3 7 4 2
13 11 2 6 1 5 0 3 7 4 2
13 11 2 6 0 4 5 3 1 7 2
13 11 2 6 1 4 5 0 3 7 2
13 11 2 6 1 4 0 3 7 2 5
15 13 2 0 1 4 5 3 7 2 6
15 13 2 6 1 0 5 3 7 2 4
14 12 2 6 1 4 5 0 7 2 3
10 8 2 0 1 5 6 3 4 7 2
10 8 2 1 5 0 6 3 4 7 2
10 8 2 0 4 5 6 1 3 7 2
12 10 2 1 4 5 0 6 3 7 2
12 10 2 1 0 5 6 4 3 7 2
11 9 2 1 4 5 6 2 3 7 0
12 10 2 1 4 5 3 0 7 2 6
11 9 2 0 4 5 1 3 7 2 6
12 10 2 3 4 5 6 0 7 2 1
12 10 2 4 0 5 6 3 7 2 1
14 12 2 7 4 5 6 3 0 2 1
13 11 2 6 4 5 0 3 7 2 1
12 10 2 1 4 2 6 3 7 0 5
12 10 2 1 0 4 6 3 7 2 5
11 9 2 0 4 5 6 1 7 2 3
11 9 2 1 4 5 6 7 0 2 3
13 11 2 1 4 5 0 6 7 2 3
13 11 2 1 0 5 6 4 7 2 3
10 8 2 1 4 0 2 3 7 6 5
10 8 2 1 4 6 2 3 0 7 5
12 10 2 4 0 6 2 3 7 5 1
14 12 2 7 4 6 2 3 0 5 1
11 9 2 0 4 6 2 1 7 5 3
11 9 2 1 4 6 2 7 0 5 3
13 11 2 1 0 6 2 4 7 5 3
12 10 2 4 0 6 3 1 7 5 2
14 12 2 2 4 6 3 1 7 5 0
14 12 2 7 4 6 3 1 0 5 2
12 10 2 1 0 6 3 7 4 5 2
12 10 2 1 4 6 3 7 5 0 2
14 12 2 1 7 6 3 4 0 5 2
14 12 2 0 1 6 3 4 7 5 2
14 12 2 1 6 0 3 4 7 5 2
13 11 2 1 4 6 0 2 7 5 3
13 11 2 1 4 6 3 2 7 0 5
15 13 2 1 4 0 3 2 7 5 6
12 10 2 1 4 5 0 3 7 6 2
12 10 2 1 0 6 5 3 4 7 2
12 10 2 1 4 6 5 0 3 7 2
12 10 2 1 4 6 0 3 7 2 5
14 12 2 0 4 6 5 3 7 2 1
14 12 2 1 4 0 5 3 7 2 6
13 11 2 1 4 6 5 0 7 2 3
11 9 2 3 4 6 1 7 0 5 2
13 11 2 3 0 6 1 4 7 5 2
11 9 2 4 7 6 1 3 0 5 2
11 9 2 4 6 0 1 3 7 5 2
13 11 2 2 4 6 1 3 7 0 5
14 12 2 2 4 6 1 0 7 5 3
13 11 2 7 0 6 1 3 4 5 2
13 11 2 7 4 6 1 0 3 5 2
13 11 2 7 4 6 1 3 5 0 2
13 11 2 0 3 5 2 1 7 6 4
13 11 2 1 3 5 2 7 0 6 4
15 13 2 1 0 5 2 3 7 6 4
14 12 2 1 3 5 2 4 7 6 0
12 10 2 2 3 5 1 0 7 6 4
12 10 2 3 0 5 1 2 7 6 4
14 12 2 4 3 5 1 2 7 6 0
14 12 2 7 3 5 1 2 0 6 4
12 10 2 2 3 5 4 0 7 6 1
12 10 2 3 0 5 4 2 7 6 1
14 12 2 7 3 5 4 2 0 6 1
13 11 2 4 3 5 0 2 7 6 1
12 10 2 1 0 3 4 2 7 6 5
11 9 2 0 3 5 4 1 7 6 2
11 9 2 1 3 5 4 7 0 6 2
13 11 2 1 3 5 0 4 7 6 2
13 11 2 1 0 5 4 3 7 6 2
9 7 2 1 0 5 4 2 3 7 6
9 7 2 1 3 5 4 0 2 7 6
9 7 2 1 7 3 4 0 2 5 6
9 7 2 1 7 3 4 2 5 0 6
9 7 2 2 1 3 4 0 7 5 6
11 9 2 7 1 3 4 2 0 5 6
11 9 2 3 7 4 2 1 0 5 6
11 9 2 3 4 0 2 1 7 5 6
13 11 2 7 0 4 2 1 3 5 6
13 11 2 7 3 4 2 0 1 5 6
13 11 2 7 3 4 2 1 5 0 6
11 9 2 0 1 4 2 7 3 5 6
11 9 2 1 4 0 2 7 3 5 6
11 9 2 1 3 0 2 7 5 4 6
11 9 2 1 3 4 2 7 5 6 0
13 11 2 1 7 4 2 0 3 5 6
13 11 2 1 7 4 2 3 5 0 6
13 11 2 3 1 4 2 0 7 5 6
15 13 2 7 1 4 2 3 0 5 6
13 11 2 1 4 5 2 3 7 0 6
13 11 2 1 4 2 0 3 7 5 6
11 9 2 1 7 3 5 2 0 4 6
11 9 2 0 1 3 5 2 7 4 6
11 9 2 0 1 4 5 2 3 7 6
11 9 2 1 4 0 5 2 3 7 6
11 9 2 0 3 4 5 1 2 7 6
13 11 2 1 0 4 5 3 2 7 6
13 11 2 1 3 4 2 0 7 6 5
12 10 2 0 3 4 1 2 7 6 5
13 11 2 2 3 4 5 0 7 6 1
13 11 2 3 0 4 5 2 7 6 1
15 13 2 7 3 4 5 2 0 6 1
14 12 2 5 3 4 0 2 7 6 1
12 10 2 0 3 4 5 1 7 6 2
12 10 2 1 3 4 5 7 0 6 2
14 12 2 1 3 4 0 5 7 6 2
14 12 2 1 0 4 5 3 7 6 2
10 8 2 2 0 4 1 7 3 5 6
10 8 2 2 3 4 1 7 5 0 6
12 10 2 2 7 4 1 3 0 5 6
12 10 2 0 2 4 1 3 7 5 6
12 10 2 2 4 0 1 3 7 5 6
10 8 2 3 7 4 1 0 2 5 6
10 8 2 3 7 4 1 2 5 0 6
10 8 2 3 4 5 1 2 7 0 6
10 8 2 3 4 1 0 2 7 5 6
12 10 2 0 7 4 1 2 3 5 6
12 10 2 7 4 0 1 2 3 5 6
12 10 2 0 3 4 1 7 2 5 6
14 12 2 7 0 4 1 3 2 5 6
12 10 2 7 3 0 1 2 5 4 6
12 10 2 7 3 4 1 2 5 6 0
9 7 2 1 7 3 6 0 2 4 5
9 7 2 1 7 3 6 2 4 0 5
9 7 2 2 1 3 6 0 7 4 5
11 9 2 5 1 3 6 2 7 4 0
11 9 2 7 1 3 6 2 0 4 5
10 8 2 6 1 3 0 2 7 4 5
11 9 2 0 3 6 2 1 7 4 5
11 9 2 1 3 6 2 7 0 4 5
13 11 2 1 0 6 2 3 7 4 5
12 10 2 1 3 6 2 5 7 4 0
10 8 2 2 3 6 1 0 7 4 5
10 8 2 3 0 6 1 2 7 4 5
12 10 2 5 3 6 1 2 7 4 0
12 10 2 7 3 6 1 2 0 4 5
9 7 2 2 1 4 6 0 3 7 5
11 9 2 5 1 4 6 2 3 7 0
11 9 2 3 1 4 6 2 0 7 5
10 8 2 6 1 4 0 2 3 7 5
9 7 2 1 4 7 6 2 3 0 5
9 7 2 1 4 6 0 2 3 7 5
9 7 2 3 0 4 6 1 2 7 5
11 9 2 5 3 4 6 1 2 7 0
10 8 2 6 3 4 0 1 2 7 5
11 9 2 1 3 4 5 6 2 7 0
11 9 2 1 3 0 4 6 2 7 5
13 11 2 1 3 4 7 6 2 0 5
12 10 2 0 3 4 1 6 2 7 5
11 9 2 1 2 4 6 3 0 7 5
11 9 2 0 1 4 6 3 2 7 5
11 9 2 1 4 0 6 3 2 7 5
10 8 2 1 3 4 0 5 2 7 6
10 8 2 1 3 4 6 5 2 0 7
12 10 2 0 3 4 6 5 2 7 1
13 12 1 1 2 3 6 5 0 7 4
12 11 1 1 0 3 6 5 2 7 4
12 10 2 1 3 0 6 5 2 7 4
11 9 2 0 2 4 6 7 3 5 1
11 9 2 2 4 0 6 7 3 5 1
11 9 2 2 3 0 6 7 5 4 1
11 9 2 2 3 4 6 7 5 1 0
13 11 2 2 3 5 4 6 7 0 1
13 11 2 2 0 3 4 6 7 5 1
15 13 2 2 3 0 5 6 7 4 1
15 13 2 2 3 4 5 6 0 7 1
15 13 2 2 3 4 5 6 7 1 0
13 11 2 2 7 4 6 3 5 0 1
13 11 2 3 2 4 6 0 7 5 1
15 13 2 1 2 4 6 3 7 5 0
14 12 2 6 2 4 0 3 7 5 1
13 11 2 2 4 5 6 3 7 0 1
13 11 2 2 4 6 0 3 7 5 1
13 11 2 3 7 4 0 6 2 5 1
12 10 2 3 7 4 6 1 2 5 0
11 9 2 3 7 0 6 2 5 4 1
11 9 2 3 7 4 6 2 5 1 0
11 9 2 3 4 5 6 2 0 7 1
11 9 2 3 4 5 6 2 7 1 0
11 9 2 3 4 6 1 2 7 5 0
13 11 2 3 4 6 2 0 7 5 1
13 11 2 3 4 6 5 2 7 0 1
12 10 2 0 4 6 3 2 7 5 1
13 11 2 2 7 4 6 0 3 5 1
14 12 2 6 7 4 0 2 3 5 1
13 11 2 7 4 5 6 2 3 0 1
13 11 2 7 4 6 0 2 3 5 1
13 11 2 3 0 4 6 7 2 5 1
15 13 2 1 3 4 6 7 2 5 0
14 12 2 6 3 4 0 7 2 5 1
15 13 2 7 3 4 1 6 2 5 0
15 13 2 7 3 0 4 6 2 5 1
17 15 2 7 3 4 5 6 2 0 1
16 14 2 0 3 4 7 6 2 5 1
15 13 2 7 2 4 6 3 0 5 1
15 13 2 0 7 4 6 3 2 5 1
15 13 2 7 4 0 6 3 2 5 1
14 12 2 7 3 4 0 1 2 5 6
14 12 2 7 3 4 6 1 2 0 5
16 14 2 0 3 4 6 1 2 5 7
16 14 2 7 3 0 6 1 2 5 4
13 11 2 7 0 3 6 2 5 4 1
13 11 2 7 3 6 0 2 5 4 1
13 11 2 7 3 4 0 2 5 1 6
15 13 2 0 3 4 6 2 5 1 7
15 13 2 7 3 0 6 2 5 1 4
14 12 2 7 3 4 6 0 5 1 2
12 10 2 6 3 0 1 2 7 4 5
12 10 2 6 3 4 1 2 0 7 5
14 12 2 6 3 5 1 2 7 0 4
14 12 2 6 0 3 1 2 7 5 4
14 12 2 6 3 1 0 2 7 5 4
12 10 2 6 3 5 4 2 0 7 1
12 10 2 6 3 5 4 2 7 1 0
12 10 2 6 7 3 4 2 0 5 1
12 10 2 0 6 3 4 2 7 5 1
14 12 2 6 0 4 2 7 3 5 1
14 12 2 6 3 4 2 7 5 0 1
16 14 2 6 7 4 2 3 0 5 1
16 14 2 0 6 4 2 3 7 5 1
16 14 2 6 4 0 2 3 7 5 1
14 12 2 6 0 3 5 2 7 4 1
14 12 2 6 0 4 5 2 3 7 1
14 12 2 6 3 4 5 0 2 7 1
14 12 2 6 3 4 0 2 7 1 5
16 14 2 0 3 4 5 2 7 1 6
16 14 2 6 3 0 5 2 7 1 4
15 13 2 6 3 4 5 0 7 1 2
11 9 2 0 1 5 6 2 3 7 4
11 9 2 1 5 0 6 2 3 7 4
11 9 2 0 3 5 6 1 2 7 4
13 11 2 1 3 5 0 6 2 7 4
13 11 2 1 0 5 6 3 2 7 4
12 10 2 1 3 5 6 4 2 7 0
13 11 2 1 3 5 2 0 7 4 6
12 10 2 0 3 5 1 2 7 4 6
13 11 2 2 3 5 6 0 7 4 1
13 11 2 3 0 5 6 2 7 4 1
15 13 2 7 3 5 6 2 0 4 1
14 12 2 6 3 5 0 2 7 4 1
12 10 2 0 3 5 6 1 7 4 2
12 10 2 1 3 5 6 7 0 4 2
14 12 2 1 0 5 6 3 7 4 2
11 9 2 0 7 3 6 1 2 5 4
13 11 2 1 7 3 0 6 2 5 4
13 11 2 1 0 3 6 7 2 5 4
12 10 2 1 7 3 6 4 2 5 0
11 9 2 1 7 0 6 2 5 3 4
11 9 2 1 7 3 6 2 5 4 0
11 9 2 2 1 3 6 7 0 5 4
13 11 2 2 1 3 0 6 7 5 4
12 10 2 2 1 3 6 4 7 5 0
13 11 2 4 1 3 0 2 7 5 6
13 11 2 4 1 3 6 2 7 0 5
15 13 2 4 1 0 6 2 7 5 3
14 12 2 4 1 3 6 0 7 5 2
13 11 2 7 0 3 6 2 1 5 4
13 11 2 7 1 3 6 0 2 5 4
13 11 2 7 1 3 6 2 5 0 4
12 10 2 6 1 3 4 2 7 5 0
12 10 2 6 1 0 3 2 7 5 4
14 12 2 6 1 3 2 0 7 5 4
14 12 2 6 1 3 5 2 7 0 4
11 9 2 1 3 6 4 2 0 7 5
13 11 2 2 3 6 4 0 7 5 1
13 11 2 3 0 6 4 2 7 5 1
15 13 2 7 3 6 4 2 0 5 1
12 10 2 0 3 6 4 1 7 5 2
12 10 2 1 3 6 4 7 0 5 2
14 12 2 1 0 6 4 3 7 5 2
13 11 2 3 0 6 2 1 7 5 4
15 13 2 4 3 6 2 1 7 5 0
15 13 2 7 3 6 2 1 0 5 4
13 11 2 1 0 6 2 7 3 5 4
13 11 2 1 3 6 2 7 5 0 4
15 13 2 1 7 6 2 3 0 5 4
15 13 2 0 1 6 2 3 7 5 4
15 13 2 1 6 0 2 3 7 5 4
14 12 2 1 3 6 0 4 7 5 2
14 12 2 1 3 6 2 4 7 0 5
16 14 2 0 3 6 2 4 7 5 1
16 14 2 1 3 0 2 4 7 5 6
13 11 2 1 0 3 5 2 7 6 4
13 11 2 1 0 6 5 2 3 7 4
13 11 2 1 3 6 5 0 2 7 4
15 13 2 0 3 6 5 2 7 4 1
14 12 2 1 3 6 5 0 7 4 2
12 10 2 2 3 6 1 7 0 5 4
14 12 2 2 0 6 1 3 7 5 4
13 11 2 2 3 6 1 4 7 5 0
12 10 2 3 7 6 1 2 0 5 4
12 10 2 3 6 0 1 2 7 5 4
14 12 2 4 3 6 0 2 7 5 1
14 12 2 4 3 6 1 2 7 0 5
16 14 2 4 3 0 1 2 7 5 6
15 13 2 4 3 6 1 0 7 5 2
14 12 2 7 0 6 1 2 3 5 4
14 12 2 7 3 6 1 0 2 5 4
14 12 2 7 3 6 1 2 5 0 4
9 7 2 3 7 4 0 6 1 5 2
8 6 2 3 7 4 6 2 1 5 0
7 5 2 3 7 0 6 1 5 4 2
7 5 2 3 7 4 6 1 5 2 0
7 5 2 3 4 5 6 1 0 7 2
7 5 2 3 4 5 6 1 7 2 0
7 5 2 3 4 6 2 1 7 5 0
9 7 2 3 4 6 5 1 7 0 2
9 7 2 2 3 5 4 1 7 0 6
9 7 2 2 0 3 4 1 7 5 6
11 9 2 2 3 0 5 1 7 4 6
11 9 2 2 3 4 5 1 0 7 6
11 9 2 2 3 4 5 1 7 6 0
9 7 2 2 0 3 6 1 7 4 5
9 7 2 2 3 6 0 1 7 4 5
9 7 2 2 0 4 6 1 3 7 5
9 7 2 2 3 4 6 0 1 7 5
11 9 2 2 3 5 6 1 0 7 4
11 9 2 2 3 5 6 1 7 4 0
11 9 2 2 7 3 6 1 0 5 4
11 9 2 0 2 3 6 1 7 5 4
11 9 2 2 3 6 4 1 7 5 0
13 11 2 2 3 6 5 1 7 0 4
9 7 2 7 4 5 6 1 3 0 2
9 7 2 7 4 6 0 1 3 5 2
11 9 2 2 3 4 6 7 1 5 0
10 8 2 6 3 4 0 7 1 5 2
11 9 2 7 3 4 2 6 1 5 0
11 9 2 7 3 0 4 6 1 5 2
13 11 2 7 3 4 5 6 1 0 2
12 10 2 0 3 4 7 6 1 5 2
10 8 2 7 3 4 0 2 1 5 6
10 8 2 7 3 4 6 2 1 0 5
12 10 2 0 3 4 6 2 1 5 7
12 10 2 7 3 0 6 2 1 5 4
9 7 2 7 0 3 6 1 5 4 2
9 7 2 7 3 6 0 1 5 4 2
9 7 2 7 3 4 0 1 5 2 6
11 9 2 7 3 0 6 1 5 2 4
8 6 2 6 3 0 2 1 7 4 5
8 6 2 6 3 4 2 1 0 7 5
10 8 2 6 3 5 2 1 7 0 4
10 8 2 6 0 3 2 1 7 5 4
10 8 2 6 3 2 0 1 7 5 4
8 6 2 6 3 5 4 1 0 7 2
8 6 2 6 3 5 4 1 7 2 0
8 6 2 6 7 3 4 1 0 5 2
8 6 2 0 6 3 4 1 7 5 2
10 8 2 6 0 3 5 1 7 4 2
10 8 2 6 3 5 0 1 7 4 2
10 8 2 6 0 4 5 1 3 7 2
10 8 2 6 3 4 5 0 1 7 2
10 8 2 6 3 4 0 1 7 2 5
12 10 2 6 3 0 5 1 7 2 4
9 7 2 2 1 4 0 7 3 5 6
9 7 2 2 1 4 6 7 3 0 5
11 9 2 2 1 0 6 7 3 5 4
10 8 2 2 1 4 6 0 3 5 7
8 6 2 6 1 4 2 7 3 5 0
8 6 2 6 1 0 4 7 3 5 2
10 8 2 6 1 4 7 0 3 5 2
10 8 2 6 1 4 5 7 3 0 2
7 5 2 1 4 5 6 7 0 3 2
7 5 2 1 4 5 6 7 3 2 0
7 5 2 1 4 6 2 7 3 5 0
10 9 1 1 4 6 7 2 3 5 0
9 7 2 1 4 6 7 0 3 5 2
9 7 2 1 4 6 5 7 3 0 2
8 6 2 0 4 6 1 7 3 5 2
7 5 2 1 5 3 6 7 0 4 2
7 5 2 0 1 3 6 7 5 4 2
7 5 2 1 3 6 2 7 5 4 0
10 9 1 1 3 6 7 2 5 4 0
9 7 2 1 3 6 7 0 5 4 2
9 7 2 1 3 6 4 7 5 0 2
8 6 2 0 3 6 1 7 5 4 2
7 5 2 1 3 0 4 7 5 2 6
9 7 2 1 3 4 7 0 5 2 6
8 6 2 0 3 4 1 7 5 2 6
9 7 2 7 3 4 6 0 5 2 1
9 7 2 3 0 4 6 7 5 2 1
11 9 2 5 3 4 6 7 0 2 1
10 8 2 6 3 4 0 7 5 2 1
9 7 2 1 3 2 6 7 5 0 4
9 7 2 1 0 3 6 7 5 2 4
9 7 2 1 3 6 0 7 5 2 4
8 6 2 0 3 4 6 1 5 2 7
8 6 2 1 3 4 6 5 0 2 7
10 8 2 1 3 4 0 6 5 2 7
10 8 2 1 0 4 6 3 5 2 7
9 7 2 1 0 3 2 6 7 4 5
9 7 2 1 3 2 0 6 7 4 5
9 7 2 1 0 4 2 6 3 7 5
9 7 2 1 3 4 2 0 6 7 5
11 9 2 3 7 4 2 6 0 5 1
11 9 2 3 4 0 2 6 7 5 1
13 11 2 7 0 4 2 6 3 5 1
13 11 2 7 3 4 2 0 6 5 1
13 11 2 7 3 4 2 6 5 0 1
11 9 2 1 3 5 2 6 0 7 4
11 9 2 1 7 3 2 6 0 5 4
11 9 2 0 1 3 2 6 7 5 4
11 9 2 1 3 2 4 6 7 5 0
13 11 2 1 3 2 6 0 7 5 4
12 10 2 0 3 2 1 6 7 5 4
9 7 2 1 0 5 4 6 3 7 2
9 7 2 1 3 5 4 0 6 7 2
11 9 2 0 3 5 4 6 7 2 1
10 8 2 1 3 5 4 0 7 2 6
9 7 2 1 7 3 4 0 6 5 2
9 7 2 1 7 3 4 6 5 0 2
9 7 2 6 1 3 4 0 7 5 2
11 9 2 2 1 3 4 6 7 5 0
11 9 2 7 1 3 4 6 0 5 2
10 8 2 4 1 3 0 6 7 5 2
11 9 2 1 7 3 5 6 0 4 2
11 9 2 0 1 3 5 6 7 4 2
11 9 2 1 3 5 2 6 7 4 0
12 10 2 0 3 5 1 6 7 4 2
11 9 2 0 1 4 5 6 3 7 2
11 9 2 1 4 0 5 6 3 7 2
11 9 2 0 3 4 5 1 6 7 2
13 11 2 1 3 4 0 5 6 7 2
13 11 2 1 0 4 5 3 6 7 2
12 10 2 1 3 4 5 2 6 7 0
11 9 2 1 3 0 4 6 7 2 5
13 11 2 1 3 4 6 0 7 2 5
12 10 2 0 3 4 1 6 7 2 5
13 11 2 6 3 4 5 0 7 2 1
13 11 2 3 0 4 5 6 7 2 1
15 13 2 7 3 4 5 6 0 2 1
14 12 2 5 3 4 0 6 7 2 1
13 11 2 1 3 2 5 6 7 0 4
13 11 2 1 0 3 5 6 7 2 4
13 11 2 1 3 5 0 6 7 2 4
12 10 2 0 3 4 5 1 7 2 6
12 10 2 1 3 4 5 7 0 2 6
14 12 2 1 3 4 0 5 7 2 6
14 12 2 1 0 4 5 3 7 2 6
10 8 2 6 0 4 1 7 3 5 2
10 8 2 6 3 4 1 7 5 0 2
12 10 2 6 7 4 1 3 0 5 2
12 10 2 0 6 4 1 3 7 5 2
12 10 2 6 4 0 1 3 7 5 2
10 8 2 3 7 4 1 0 6 5 2
10 8 2 3 7 4 1 6 5 0 2
10 8 2 3 4 5 1 6 7 0 2
10 8 2 3 4 1 0 6 7 5 2
12 10 2 2 3 0 1 6 7 4 5
12 10 2 2 3 4 1 6 0 7 5
14 12 2 2 3 5 1 6 7 0 4
14 12 2 2 0 3 1 6 7 5 4
14 12 2 2 3 1 0 6 7 5 4
12 10 2 7 4 0 1 6 3 5 2
12 10 2 0 3 4 1 7 6 5 2
14 12 2 7 3 4 0 1 6 5 2
14 12 2 7 0 4 1 3 6 5 2
13 11 2 7 3 4 1 2 6 5 0
12 10 2 7 3 0 1 6 5 4 2
12 10 2 7 3 4 1 6 5 2 0
11 9 2 2 7 4 6 1 3 5 0
10 8 2 6 7 4 0 1 3 5 2
11 9 2 1 7 4 2 6 3 5 0
11 9 2 1 7 0 4 6 3 5 2
13 11 2 1 7 4 5 6 3 0 2
12 10 2 0 7 4 1 6 3 5 2
10 8 2 1 7 4 0 2 3 5 6
10 8 2 1 7 4 6 2 3 0 5
12 10 2 1 7 0 6 2 3 5 4
9 7 2 1 0 7 6 3 5 4 2
9 7 2 1 7 6 0 3 5 4 2
9 7 2 1 7 4 0 3 5 2 6
11 9 2 0 7 4 6 3 5 2 1
11 9 2 1 7 0 6 3 5 2 4
10 8 2 1 7 4 6 0 5 2 3
9 7 2 3 0 4 6 7 1 5 2
9 7 2 3 1 4 6 7 5 0 2
11 9 2 3 1 4 2 6 7 5 0
11 9 2 3 1 0 4 6 7 5 2
13 11 2 3 1 4 5 6 7 0 2
10 8 2 3 1 4 0 2 7 5 6
10 8 2 3 1 4 6 2 7 0 5
12 10 2 3 1 0 6 2 7 5 4
11 9 2 2 1 0 4 3 7 5 6
13 11 2 2 1 4 3 0 7 5 6
13 11 2 2 1 4 5 3 7 0 6
11 9 2 2 1 0 6 3 7 4 5
11 9 2 2 1 4 6 3 0 7 5
13 11 2 2 1 5 6 3 7 0 4
13 11 2 2 0 1 6 3 7 5 4
13 11 2 2 1 6 0 3 7 5 4
12 10 2 0 1 4 6 2 7 5 3
12 10 2 2 1 4 6 7 0 5 3
14 12 2 2 1 4 0 6 7 5 3
14 12 2 2 0 4 6 1 7 5 3
11 9 2 0 7 4 6 3 1 5 2
11 9 2 7 4 0 6 3 1 5 2
13 11 2 7 1 4 0 6 3 5 2
12 10 2 7 1 4 6 2 3 5 0
11 9 2 7 1 0 6 3 5 4 2
11 9 2 7 1 4 6 3 5 2 0
10 8 2 6 1 4 2 3 7 0 5
12 10 2 6 1 0 2 3 7 5 4
11 9 2 6 1 4 2 0 7 5 3
10 8 2 6 1 5 4 3 7 0 2
10 8 2 6 0 1 4 3 7 5 2
12 10 2 0 1 4 3 6 7 5 2
12 10 2 6 1 4 3 7 0 5 2
14 12 2 6 0 4 3 1 7 5 2
13 11 2 6 1 4 3 2 7 5 0
12 10 2 6 1 0 5 3 7 4 2
12 10 2 6 1 4 5 3 0 7 2
12 10 2 6 1 4 5 3 7 2 0
9 7 2 1 0 5 6 3 4 7 2
9 7 2 1 4 5 6 0 3 7 2
9 7 2 1 4 5 0 3 7 2 6
11 9 2 0 4 5 6 3 7 2 1
11 9 2 1 4 0 6 3 7 2 5
10 8 2 1 4 5 6 0 7 2 3
9 7 2 1 4 6 2 3 7 0 5
11 9 2 0 4 6 2 3 7 5 1
10 8 2 1 4 6 2 0 7 5 3
11 9 2 0 4 6 3 1 7 5 2
11 9 2 1 4 6 3 7 0 5 2
13 11 2 1 0 6 3 4 7 5 2
12 10 2 1 4 6 3 2 7 5 0
11 9 2 1 4 0 5 3 7 6 2
11 9 2 1 4 6 5 3 0 7 2
11 9 2 1 4 6 5 3 7 2 0
10 8 2 3 4 6 1 0 7 5 2
10 8 2 4 0 6 1 3 7 5 2
12 10 2 2 4 6 1 3 7 5 0
12 10 2 7 4 6 1 3 0 5 2
12 10 2 1 3 5 2 0 7 6 4
11 9 2 0 3 5 1 2 7 6 4
11 9 2 0 3 5 4 2 7 6 1
11 9 2 1 3 0 4 2 7 6 5
10 8 2 1 3 5 4 0 7 6 2
8 6 2 1 3 5 4 2 0 7 6
8 6 2 1 7 3 4 2 0 5 6
8 6 2 0 1 3 4 2 7 5 6
10 8 2 3 0 4 2 1 7 5 6
12 10 2 7 3 4 2 1 0 5 6
10 8 2 1 0 4 2 7 3 5 6
10 8 2 1 3 4 2 7 5 0 6
12 10 2 1 7 4 2 3 0 5 6
12 10 2 0 1 4 2 3 7 5 6
12 10 2 1 4 0 2 3 7 5 6
10 8 2 1 0 3 5 2 7 4 6
10 8 2 1 0 4 5 2 3 7 6
10 8 2 1 3 4 5 0 2 7 6
10 8 2 1 3 4 0 2 7 6 5
12 10 2 0 3 4 5 2 7 6 1
11 9 2 1 3 4 5 0 7 6 2
9 7 2 2 3 4 1 7 0 5 6
11 9 2 2 0 4 1 3 7 5 6
9 7 2 3 7 4 1 2 0 5 6
9 7 2 3 4 0 1 2 7 5 6
11 9 2 7 0 4 1 2 3 5 6
11 9 2 7 3 4 1 0 2 5 6
11 9 2 7 3 4 1 2 5 0 6
8 6 2 1 7 3 6 2 0 4 5
8 6 2 0 1 3 6 2 7 4 5
10 8 2 1 3 6 2 0 7 4 5
9 7 2 0 3 6 1 2 7 4 5
8 6 2 0 1 4 6 2 3 7 5
8 6 2 1 4 0 6 2 3 7 5
8 6 2 0 3 4 6 1 2 7 5
10 8 2 1 3 4 0 6 2 7 5
10 8 2 1 0 4 6 3 2 7 5
9 7 2 1 3 4 6 5 2 7 0
10 8 2 2 0 4 6 7 3 5 1
10 8 2 2 3 4 6 7 5 0 1
12 10 2 2 3 0 4 6 7 5 1
14 12 2 2 3 4 5 6 7 0 1
12 10 2 2 7 4 6 3 0 5 1
12 10 2 0 2 4 6 3 7 5 1
12 10 2 2 4 0 6 3 7 5 1
10 8 2 3 7 4 6 0 2 5 1
10 8 2 3 7 4 6 2 5 0 1
10 8 2 3 4 5 6 2 7 0 1
10 8 2 3 4 6 0 2 7 5 1
12 10 2 0 7 4 6 2 3 5 1
12 10 2 7 4 0 6 2 3 5 1
12 10 2 0 3 4 6 7 2 5 1
14 12 2 7 3 4 0 6 2 5 1
14 12 2 7 0 4 6 3 2 5 1
13 11 2 7 3 4 6 1 2 5 0
12 10 2 7 3 0 6 2 5 4 1
12 10 2 7 3 4 6 2 5 1 0
11 9 2 6 3 4 1 2 7 0 5
13 11 2 6 3 0 1 2 7 5 4
11 9 2 6 3 5 4 2 7 0 1
11 9 2 6 0 3 4 2 7 5 1
13 11 2 6 3 4 2 7 0 5 1
15 13 2 6 0 4 2 3 7 5 1
13 11 2 6 3 0 5 2 7 4 1
13 11 2 6 3 4 5 2 0 7 1
13 11 2 6 3 4 5 2 7 1 0
10 8 2 1 0 5 6 2 3 7 4
10 8 2 1 3 5 6 0 2 7 4
10 8 2 1 3 5 0 2 7 4 6
12 10 2 0 3 5 6 2 7 4 1
11 9 2 1 3 5 6 0 7 4 2
10 8 2 1 7 3 6 0 2 5 4
10 8 2 1 7 3 6 2 5 0 4
10 8 2 2 1 3 6 0 7 5 4
12 10 2 4 1 3 6 2 7 5 0
12 10 2 7 1 3 6 2 0 5 4
11 9 2 6 1 3 0 2 7 5 4
10 8 2 1 3 6 4 2 7 0 5
12 10 2 0 3 6 4 2 7 5 1
11 9 2 1 3 6 4 0 7 5 2
12 10 2 0 3 6 2 1 7 5 4
12 10 2 1 3 6 2 7 0 5 4
14 12 2 1 0 6 2 3 7 5 4
13 11 2 1 3 6 2 4 7 5 0
12 10 2 1 3 0 5 2 7 6 4
12 10 2 1 3 6 5 2 0 7 4
12 10 2 1 3 6 5 2 7 4 0
11 9 2 2 3 6 1 0 7 5 4
11 9 2 3 0 6 1 2 7 5 4
13 11 2 4 3 6 1 2 7 5 0
13 11 2 7 3 6 1 2 0 5 4
6 4 2 3 7 4 6 0 1 5 2
6 4 2 3 7 4 6 1 5 0 2
6 4 2 3 4 5 6 1 7 0 2
6 4 2 3 4 6 0 1 7 5 2
8 6 2 2 3 0 4 1 7 5 6
10 8 2 2 3 4 5 1 7 0 6
8 6 2 2 3 0 6 1 7 4 5
8 6 2 2 3 4 6 1 0 7 5
10 8 2 2 3 5 6 1 7 0 4
10 8 2 2 0 3 6 1 7 5 4
10 8 2 2 3 6 0 1 7 5 4
8 6 2 7 4 0 6 1 3 5 2
8 6 2 0 3 4 6 7 1 5 2
10 8 2 7 3 4 0 6 1 5 2
9 7 2 7 3 4 6 2 1 5 0
8 6 2 7 3 0 6 1 5 4 2
8 6 2 7 3 4 6 1 5 2 0
7 5 2 6 3 4 2 1 7 0 5
9 7 2 6 3 0 2 1 7 5 4
7 5 2 6 3 5 4 1 7 0 2
7 5 2 6 0 3 4 1 7 5 2
9 7 2 6 3 0 5 1 7 4 2
9 7 2 6 3 4 5 1 0 7 2
9 7 2 6 3 4 5 1 7 2 0
8 6 2 2 1 4 6 7 3 5 0
7 5 2 6 1 4 0 7 3 5 2
6 4 2 1 4 5 6 7 3 0 2
6 4 2 1 4 6 0 7 3 5 2
6 4 2 1 0 3 6 7 5 4 2
6 4 2 1 3 6 0 7 5 4 2
6 4 2 1 3 4 0 7 5 2 6
8 6 2 0 3 4 6 7 5 2 1
8 6 2 1 3 0 6 7 5 2 4
7 5 2 1 3 4 6 0 5 2 7
8 6 2 1 3 0 2 6 7 4 5
8 6 2 1 3 4 2 6 0 7 5
10 8 2 3 0 4 2 6 7 5 1
12 10 2 7 3 4 2 6 0 5 1
10 8 2 1 3 5 2 6 7 0 4
10 8 2 1 0 3 2 6 7 5 4
10 8 2 1 3 2 0 6 7 5 4
8 6 2 1 3 5 4 6 0 7 2
8 6 2 1 3 5 4 6 7 2 0
8 6 2 1 7 3 4 6 0 5 2
8 6 2 0 1 3 4 6 7 5 2
10 8 2 1 0 3 5 6 7 4 2
10 8 2 1 3 5 0 6 7 4 2
10 8 2 1 0 4 5 6 3 7 2
10 8 2 1 3 4 5 0 6 7 2
10 8 2 1 3 4 0 6 7 2 5
12 10 2 0 3 4 5 6 7 2 1
12 10 2 1 3 0 5 6 7 2 4
11 9 2 1 3 4 5 0 7 2 6
9 7 2 6 3 4 1 7 0 5 2
11 9 2 6 0 4 1 3 7 5 2
9 7 2 3 7 4 1 6 0 5 2
9 7 2 3 4 0 1 6 7 5 2
11 9 2 2 3 4 1 6 7 0 5
13 11 2 2 3 0 1 6 7 5 4
11 9 2 7 0 4 1 6 3 5 2
11 9 2 7 3 4 1 0 6 5 2
11 9 2 7 3 4 1 6 5 0 2
8 6 2 0 7 4 6 1 3 5 2
10 8 2 1 7 4 0 6 3 5 2
9 7 2 1 7 4 6 2 3 5 0
8 6 2 1 7 0 6 3 5 4 2
8 6 2 1 7 4 6 3 5 2 0
8 6 2 3 1 4 6 7 0 5 2
10 8 2 3 1 4 0 6 7 5 2
9 7 2 3 1 4 6 2 7 5 0
10 8 2 2 1 4 0 3 7 5 6
10 8 2 2 1 4 6 3 7 0 5
12 10 2 2 1 0 6 3 7 5 4
11 9 2 2 1 4 6 0 7 5 3
10 8 2 7 0 4 6 3 1 5 2
10 8 2 7 1 4 6 0 3 5 2
10 8 2 7 1 4 6 3 5 0 2
9 7 2 6 1 4 2 3 7 5 0
9 7 2 6 1 0 4 3 7 5 2
11 9 2 6 1 4 3 0 7 5 2
11 9 2 6 1 4 5 3 7 0 2
8 6 2 1 4 5 6 3 0 7 2
8 6 2 1 4 5 6 3 7 2 0
8 6 2 1 4 6 2 3 7 5 0
10 8 2 1 4 6 3 0 7 5 2
10 8 2 1 4 6 5 3 7 0 2
9 7 2 0 4 6 1 3 7 5 2
8 7 1 1 3 5 0 2 7 6 4
7 6 1 1 3 5 4 2 7 6 0
7 5 2 1 3 5 4 2 7 0 6
7 5 2 1 0 3 4 2 7 5 6
9 7 2 0 3 4 2 1 7 5 6
9 7 2 1 3 4 2 7 0 5 6
11 9 2 1 0 4 2 3 7 5 6
9 7 2 1 3 0 5 2 7 4 6
9 7 2 1 3 4 5 2 0 7 6
9 7 2 1 3 4 5 2 7 6 0
8 6 2 2 3 4 1 0 7 5 6
8 6 2 3 0 4 1 2 7 5 6
10 8 2 7 3 4 1 2 0 5 6
7 5 2 1 0 3 6 2 7 4 5
7 5 2 1 3 6 0 2 7 4 5
7 5 2 1 0 4 6 2 3 7 5
7 5 2 1 3 4 6 0 2 7 5
9 7 2 2 3 4 6 7 0 5 1
11 9 2 2 3 4 0 6 7 5 1
11 9 2 2 0 4 6 3 7 5 1
9 7 2 3 7 4 6 2 0 5 1
9 7 2 3 4 0 6 2 7 5 1
11 9 2 7 0 4 6 2 3 5 1
11 9 2 7 3 4 6 0 2 5 1
11 9 2 7 3 4 6 2 5 0 1
10 8 2 6 3 4 1 2 7 5 0
10 8 2 6 3 0 4 2 7 5 1
12 10 2 6 3 4 2 0 7 5 1
12 10 2 6 3 4 5 2 7 0 1
9 7 2 1 3 5 6 2 0 7 4
9 7 2 1 3 5 6 2 7 4 0
9 7 2 1 7 3 6 2 0 5 4
9 7 2 0 1 3 6 2 7 5 4
9 7 2 1 3 6 4 2 7 5 0
11 9 2 1 3 6 2 0 7 5 4
11 9 2 1 3 6 5 2 7 0 4
10 8 2 0 3 6 1 2 7 5 4
5 3 2 3 7 4 6 1 0 5 2
5 3 2 3 4 0 6 1 7 5 2
7 5 2 2 3 4 0 1 7 5 6
7 5 2 2 3 4 6 1 7 0 5
9 7 2 2 3 0 6 1 7 5 4
7 5 2 7 0 4 6 1 3 5 2
7 5 2 7 3 4 6 0 1 5 2
7 5 2 7 3 4 6 1 5 0 2
6 4 2 6 3 4 2 1 7 5 0
6 4 2 6 3 0 4 1 7 5 2
8 6 2 6 3 4 5 1 7 0 2
5 3 2 0 1 4 6 7 3 5 2
5 3 2 1 4 0 6 7 3 5 2
5 3 2 1 3 0 6 7 5 4 2
5 3 2 1 3 4 6 7 5 2 0
7 5 2 1 3 4 2 6 7 0 5
9 7 2 0 3 4 2 6 7 5 1
9 7 2 1 3 0 2 6 7 5 4
7 5 2 1 3 5 4 6 7 0 2
7 5 2 1 0 3 4 6 7 5 2
9 7 2 1 3 0 5 6 7 4 2
9 7 2 1 3 4 5 6 0 7 2
9 7 2 1 3 4 5 6 7 2 0
8 6 2 6 3 4 1 0 7 5 2
8 6 2 3 0 4 1 6 7 5 2
10 8 2 2 3 4 1 6 7 5 0
10 8 2 7 3 4 1 6 0 5 2
7 5 2 1 7 4 6 0 3 5 2
7 5 2 1 7 4 6 3 5 0 2
7 5 2 3 1 4 6 0 7 5 2
9 7 2 2 1 4 6 3 7 5 0
9 7 2 7 1 4 6 3 0 5 2
8 6 2 6 1 4 0 3 7 5 2
7 5 2 1 4 5 6 3 7 0 2
7 5 2 1 4 6 0 3 7 5 2
6 4 2 1 3 0 4 2 7 5 6
8 6 2 1 3 4 2 0 7 5 6
8 6 2 1 3 4 5 2 7 0 6
7 5 2 0 3 4 1 2 7 5 6
6 4 2 1 3 0 6 2 7 4 5
6 4 2 1 3 4 6 2 0 7 5
8 6 2 2 3 4 6 0 7 5 1
8 6 2 3 0 4 6 2 7 5 1
10 8 2 7 3 4 6 2 0 5 1
9 7 2 6 3 4 0 2 7 5 1
8 6 2 1 3 5 6 2 7 0 4
8 6 2 1 0 3 6 2 7 5 4
8 6 2 1 3 6 0 2 7 5 4
4 2 2 3 0 4 6 1 7 5 2
6 4 2 2 3 4 6 1 7 5 0
6 4 2 7 3 4 6 1 0 5 2
5 3 2 6 3 4 0 1 7 5 2
4 2 2 1 0 4 6 7 3 5 2
4 2 2 1 3 4 6 7 5 0 2
6 4 2 1 3 4 2 6 7 5 0
6 4 2 1 3 0 4 6 7 5 2
8 6 2 1 3 4 5 6 7 0 2
7 5 2 0 3 4 1 6 7 5 2
6 4 2 1 7 4 6 3 0 5 2
6 4 2 0 1 4 6 3 7 5 2
6 4 2 1 4 0 6 3 7 5 2
5 3 2 1 3 4 0 2 7 5 6
5 3 2 1 3 4 6 2 7 0 5
7 5 2 0 3 4 6 2 7 5 1
7 5 2 1 3 0 6 2 7 5 4
3 1 2 0 3 4 6 1 7 5 2
3 1 2 1 3 4 6 7 0 5 2
5 3 2 1 3 4 0 6 7 5 2
5 3 2 1 0 4 6 3 7 5 2
4 2 2 1 3 4 6 2 7 5 0
2 0 2 1 3 4 6 0 7 5 2
