24 22 2 1 3 5 0 2 4 6 7
22 19 3 1 3 5 2 0 4 6 7
19 17 2 1 3 5 2 7 4 6 0
20 16 4 1 3 5 2 7 4 0 6
21 17 4 1 3 5 0 6 4 2 7
22 19 3 1 3 5 7 6 4 0 2
20 18 2 1 3 5 7 6 4 2 0
19 16 3 1 3 5 7 0 4 2 6
17 13 4 1 3 5 0 7 4 2 6
18 14 4 1 3 5 6 0 4 2 7
15 12 3 1 3 5 6 7 4 2 0
15 11 4 1 3 5 6 7 4 0 2
15 10 5 1 3 5 6 7 0 4 2
17 12 5 1 3 5 0 6 7 4 2
9 4 5 1 3 4 6 2 0 7 5
23 18 5 1 0 5 2 7 3 6 4
23 19 4 1 3 5 2 7 6 4 0
23 18 5 1 3 5 2 7 6 0 4
24 19 5 7 0 5 1 2 3 6 4
25 21 4 7 3 5 1 4 2 6 0
24 19 5 7 3 5 1 0 2 6 4
24 20 4 7 3 5 1 2 6 4 0
24 19 5 7 3 5 1 2 6 0 4
24 19 5 7 0 5 4 2 3 6 1
25 21 4 7 3 5 4 1 2 6 0
24 19 5 7 3 5 4 0 2 6 1
24 20 4 7 3 5 4 2 6 1 0
24 19 5 7 3 5 4 2 6 0 1
23 18 5 4 3 0 5 2 7 6 1
25 20 5 4 3 5 2 0 7 6 1
25 21 4 4 3 5 6 2 7 1 0
25 20 5 4 3 5 6 2 7 0 1
23 18 5 1 3 4 5 2 7 0 6
25 20 5 0 3 4 5 2 7 6 1
24 19 5 1 3 4 5 0 7 6 2
25 21 4 1 3 4 2 5 7 6 0
24 19 5 1 3 4 2 0 7 6 5
25 21 4 5 3 4 1 2 7 6 0
23 18 5 0 3 4 1 2 7 6 5
21 16 5 1 0 5 4 7 3 6 2
21 17 4 1 3 5 4 7 6 2 0
21 16 5 1 3 5 4 7 6 0 2
23 18 5 1 3 0 5 4 7 6 2
25 21 4 1 3 5 6 4 7 2 0
25 20 5 1 3 5 6 4 7 0 2
24 19 5 0 3 5 1 4 7 6 2
20 16 4 1 3 6 5 2 7 4 0
20 15 5 1 3 6 5 2 7 0 4
20 15 5 1 0 3 5 2 7 6 4
24 19 5 1 3 5 2 4 7 0 6
26 21 5 0 3 5 2 4 7 6 1
26 21 5 1 3 0 2 4 7 6 5
24 20 4 4 3 5 2 1 7 6 0
22 17 5 0 3 5 2 1 7 6 4
24 19 5 1 0 5 2 3 7 6 4
24 19 5 4 3 5 1 2 7 0 6
26 21 5 4 3 0 1 2 7 6 5
25 20 5 4 3 5 1 0 7 6 2
22 18 4 2 3 5 1 4 7 6 0
21 16 5 2 3 5 1 0 7 6 4
21 16 5 3 0 5 1 2 7 6 4
21 16 5 2 3 5 4 0 7 6 1
21 16 5 3 0 5 4 2 7 6 1
21 16 5 1 3 6 4 2 7 0 5
21 16 5 1 0 3 4 2 7 6 5
22 18 4 2 3 5 4 1 7 6 0
20 15 5 0 3 5 4 1 7 6 2
22 17 5 1 0 5 4 3 7 6 2
18 13 5 1 0 5 4 2 3 7 6
19 15 4 1 3 5 4 6 2 7 0
18 13 5 1 3 5 4 0 2 7 6
17 12 5 1 3 0 4 2 7 5 6
14 9 5 1 3 0 5 2 7 4 6
17 13 4 1 3 5 2 6 7 4 0
16 11 5 1 3 5 2 0 7 4 6
17 13 4 6 3 5 1 2 7 4 0
15 10 5 0 3 5 1 2 7 4 6
13 8 5 1 0 5 6 2 3 7 4
14 10 4 1 3 5 6 4 2 7 0
13 8 5 1 3 5 6 0 2 7 4
15 10 5 0 3 5 6 2 7 4 1
15 10 5 1 3 0 6 2 7 4 5
14 9 5 1 3 5 6 0 7 4 2
11 7 4 1 3 6 4 2 7 5 0
11 6 5 1 3 6 0 2 7 5 4
8 3 5 1 3 4 0 2 7 5 6
8 3 5 1 3 4 6 2 7 0 5
21 17 4 1 3 5 2 7 0 6 4
22 18 4 7 3 5 1 2 0 6 4
22 18 4 7 3 5 4 2 0 6 1
21 17 4 4 3 5 0 2 7 6 1
20 17 3 1 3 4 5 2 7 6 0
20 16 4 1 3 4 0 2 7 6 5
19 15 4 1 3 5 4 7 0 6 2
21 17 4 1 3 5 0 4 7 6 2
18 14 4 1 3 0 5 2 7 6 4
21 18 3 1 3 5 2 4 7 6 0
20 16 4 1 3 5 2 0 7 6 4
21 18 3 4 3 5 1 2 7 6 0
19 15 4 0 3 5 1 2 7 6 4
19 15 4 0 3 5 4 2 7 6 1
19 15 4 1 3 0 4 2 7 6 5
18 14 4 1 3 5 4 0 7 6 2
16 12 4 1 3 5 4 2 0 7 6
16 13 3 1 3 5 0 2 7 6 4
14 12 2 1 3 5 4 2 7 6 0
15 11 4 1 3 5 4 2 7 0 6
12 8 4 1 3 5 0 2 7 4 6
11 7 4 1 3 5 6 2 0 7 4
10 7 3 1 3 5 6 2 7 4 0
10 6 4 1 3 5 6 2 7 0 4
10 5 5 1 3 0 6 2 7 5 4
6 2 4 1 3 4 6 2 7 5 0
6 0 6 1 3 4 6 0 7 5 2
