23 21 2 1 3 5 0 2 4 6 7
23 20 3 1 3 0 5 2 4 6 7
19 17 2 1 3 7 5 2 4 6 0
18 14 4 0 3 7 5 2 4 6 1
14 10 4 5 3 0 1 2 4 6 7
15 11 4 0 3 1 5 2 4 6 7
15 11 4 0 3 1 7 5 4 6 2
17 14 3 2 3 1 7 5 4 6 0
16 12 4 2 3 1 7 0 4 6 5
16 12 4 3 0 1 7 2 4 6 5
18 14 4 4 3 1 7 2 0 6 5
17 14 3 7 3 1 5 2 4 6 0
17 13 4 7 3 1 0 2 4 6 5
16 13 3 5 3 6 7 2 4 1 0
16 12 4 5 3 6 7 2 4 0 1
16 12 4 5 0 3 7 2 4 6 1
16 13 3 5 3 7 1 2 4 6 0
16 12 4 5 3 7 0 2 4 6 1
13 9 4 5 3 1 0 2 4 6 7
14 10 4 5 3 1 7 0 4 6 2
12 8 4 5 3 0 7 2 4 1 6
14 11 3 0 3 1 7 2 4 6 5
14 11 3 5 3 0 7 2 4 6 1
10 8 2 5 3 1 7 2 4 6 0
11 7 4 5 3 1 7 2 4 0 6
11 6 5 5 3 1 7 2 0 4 6
10 6 4 6 3 1 7 2 5 4 0
8 3 5 0 3 1 7 2 5 4 6
8 2 6 2 3 1 7 0 5 4 6
5 0 5 2 3 1 7 6 5 4 0
