24 22 2 0 2 3 4 5 6 7 1
25 23 2 5 2 3 4 1 6 7 0
24 21 3 5 2 3 4 0 6 7 1
24 20 4 5 2 3 4 6 0 7 1
22 19 3 6 2 3 4 5 0 7 1
22 18 4 6 2 3 4 0 5 7 1
20 16 4 5 2 3 4 1 0 7 6
20 16 4 1 5 3 4 2 0 7 6
15 11 4 1 0 3 6 5 2 7 4
15 11 4 1 2 3 6 0 5 7 4
25 22 3 0 2 3 4 5 6 1 7
21 19 2 7 2 3 4 5 6 1 0
21 18 3 7 2 3 4 5 6 0 1
21 17 4 7 2 3 4 5 0 6 1
19 16 3 1 2 6 4 5 0 7 3
19 16 3 1 2 6 4 5 7 3 0
19 15 4 1 2 6 4 5 7 0 3
21 18 3 1 2 3 4 0 6 5 7
18 16 2 1 2 3 4 7 6 5 0
18 15 3 1 2 3 4 7 6 0 5
18 14 4 1 2 3 4 7 0 6 5
19 16 3 6 1 3 4 5 2 7 0
17 13 4 0 1 3 4 5 2 7 6
17 13 4 1 3 0 4 5 2 7 6
19 15 4 1 2 3 0 6 5 7 4
19 15 4 1 2 3 4 6 5 0 7
21 17 4 0 2 3 4 6 5 7 1
21 17 4 1 2 0 4 6 5 7 3
19 16 3 6 2 3 4 1 5 7 0
17 13 4 0 2 3 4 1 5 7 6
19 16 3 1 2 3 6 4 5 7 0
19 15 4 1 2 3 0 4 5 7 6
19 15 4 1 0 3 4 2 5 7 6
13 10 3 1 2 3 6 5 0 7 4
13 9 4 1 2 3 6 5 7 0 4
16 12 4 1 2 3 0 5 7 6 4
18 14 4 0 2 3 4 5 7 6 1
18 14 4 1 2 0 4 5 7 6 3
17 13 4 1 2 3 4 0 7 6 5
15 11 4 1 2 0 4 5 7 3 6
15 12 3 1 0 3 4 5 2 7 6
16 14 2 1 2 3 4 6 5 7 0
15 12 3 1 2 3 4 0 5 7 6
11 8 3 1 2 3 6 5 7 4 0
13 11 2 1 2 3 4 5 0 7 6
13 11 2 1 2 3 4 5 7 6 0
13 10 3 1 2 3 4 5 7 0 6
11 7 4 1 2 3 0 5 7 4 6
10 6 4 1 2 3 5 6 7 4 0
9 4 5 1 2 3 5 0 7 4 6
9 5 4 1 2 3 5 7 4 6 0
9 4 5 1 2 3 5 7 4 0 6
8 3 5 6 2 3 5 7 1 4 0
8 3 5 1 2 3 5 7 0 4 6
6 0 6 0 2 3 5 7 1 4 6
