21 18 3 1 2 3 4 0 6 7 5
16 13 3 1 2 5 3 4 0 6 7
16 13 3 1 2 5 3 4 6 7 0
25 22 3 1 2 3 6 4 5 7 0
24 21 3 1 4 2 3 5 0 6 7
18 15 3 1 2 3 0 4 6 7 5
15 12 3 1 2 5 3 4 6 0 7
26 24 2 0 1 2 3 4 5 7 6
23 21 2 1 2 3 4 5 7 6 0
25 23 2 1 0 2 3 4 5 7 6
22 20 2 1 2 3 4 5 7 0 6
24 22 2 1 2 0 3 4 5 7 6
23 21 2 0 1 2 3 5 4 6 7
21 19 2 1 2 3 4 5 0 7 6
23 21 2 1 2 3 0 4 5 7 6
22 20 2 1 0 2 3 5 4 6 7
20 18 2 1 2 3 4 0 5 7 6
21 19 2 1 2 0 3 5 4 6 7
18 16 2 1 2 3 4 6 5 7 0
20 18 2 1 2 3 0 5 4 6 7
15 13 2 0 1 2 3 4 6 5 7
17 15 2 1 2 3 4 6 5 0 7
17 15 2 1 2 3 5 0 4 6 7
14 12 2 1 0 2 3 4 6 5 7
16 14 2 1 2 3 4 6 0 5 7
16 14 2 1 2 3 5 4 0 6 7
16 14 2 1 2 3 5 4 6 7 0
13 11 2 1 2 0 3 4 6 5 7
15 13 2 1 2 3 4 0 6 5 7
15 13 2 1 2 3 5 4 6 0 7
12 10 2 1 2 3 0 4 6 5 7
12 8 4 0 2 3 1 4 6 5 7
14 10 4 2 3 1 5 0 4 6 7
13 9 4 3 1 0 2 4 6 5 7
14 10 4 2 1 4 3 0 6 5 7
14 10 4 2 1 4 5 3 6 0 7
13 9 4 0 1 4 2 3 6 5 7
9 5 4 2 3 1 4 6 5 7 0
11 7 4 2 0 3 1 4 6 5 7
13 9 4 2 3 1 5 4 0 6 7
13 9 4 2 3 1 5 4 6 7 0
12 8 4 3 0 1 2 4 6 5 7
11 7 4 2 1 4 0 3 6 5 7
8 4 4 2 3 1 4 6 5 0 7
10 6 4 2 3 0 1 4 6 5 7
12 8 4 2 3 1 5 4 6 0 7
11 7 4 0 3 1 2 4 6 5 7
10 6 4 0 2 1 4 3 6 5 7
10 6 4 2 1 0 4 3 6 5 7
7 3 4 2 3 1 4 6 0 5 7
9 5 4 2 3 1 0 4 6 5 7
9 5 4 2 0 1 4 3 6 5 7
6 2 4 2 3 1 4 0 6 5 7
6 1 5 0 3 1 4 2 6 5 7
6 1 5 3 1 0 4 2 6 5 7
5 0 5 3 0 1 4 2 6 5 7
