37 35 2 1 3 5 0 2 4 6 7
35 32 3 1 3 5 2 0 4 6 7
32 30 2 1 3 5 2 7 4 6 0
33 29 4 1 3 5 2 7 4 0 6
29 25 4 1 3 5 6 0 4 2 7
29 26 3 1 3 5 2 6 4 7 0
29 25 4 1 3 5 2 6 4 0 7
29 26 3 1 3 2 7 6 4 5 0
29 25 4 1 3 2 7 6 4 0 5
26 22 4 6 3 5 7 1 4 0 2
27 23 4 1 3 0 7 6 4 5 2
27 23 4 1 3 5 7 6 0 4 2
28 24 4 0 3 5 7 1 4 2 6
28 24 4 1 3 5 7 4 0 2 6
30 27 3 1 3 5 6 7 4 2 0
30 26 4 1 3 5 0 7 4 2 6
30 26 4 1 0 5 7 3 4 2 6
26 22 4 1 3 5 0 6 4 2 7
28 24 4 1 3 0 7 6 4 2 5
24 21 3 6 3 5 7 1 4 2 0
23 19 4 6 3 5 7 0 4 2 1
25 22 3 1 3 5 7 6 4 0 2
26 23 3 1 3 5 7 0 4 2 6
23 21 2 1 3 5 7 6 4 2 0
22 18 4 0 3 5 7 6 4 2 1
22 17 5 3 0 5 7 6 4 2 1
27 22 5 1 4 5 7 6 0 2 3
29 25 4 3 1 5 7 6 4 2 0
27 22 5 0 1 5 7 6 4 2 3
27 22 5 1 5 0 7 6 4 2 3
23 18 5 1 6 0 7 3 4 5 2
23 18 5 1 6 5 7 3 0 4 2
24 19 5 0 6 5 7 1 4 2 3
24 19 5 1 6 5 7 4 0 2 3
26 22 4 1 6 5 3 7 4 2 0
26 21 5 1 6 5 0 7 4 2 3
22 17 5 1 6 5 0 3 4 2 7
24 19 5 1 6 0 7 3 4 2 5
20 16 4 3 6 5 7 1 4 2 0
19 14 5 3 6 5 7 0 4 2 1
25 21 4 1 0 5 7 6 4 2 3
21 17 4 1 6 5 7 3 4 0 2
22 18 4 1 6 5 7 0 4 2 3
19 16 3 1 6 5 7 3 4 2 0
18 13 5 0 6 5 7 3 4 2 1
17 12 5 6 0 5 7 3 4 2 1
17 11 6 6 5 0 7 3 4 2 1
16 10 6 6 5 1 7 0 4 2 3
13 8 5 3 5 1 7 6 4 2 0
12 6 6 3 5 1 7 0 4 2 6
12 6 6 5 0 1 7 3 4 2 6
10 4 6 7 5 1 6 3 4 2 0
13 8 5 6 5 1 7 3 4 2 0
11 5 6 0 5 1 7 3 4 2 6
10 3 7 7 5 1 0 3 4 2 6
10 3 7 7 0 1 3 5 4 2 6
8 2 6 7 5 1 3 6 4 2 0
7 0 7 7 5 1 3 0 4 2 6
