25 23 2 0 2 3 4 5 6 7 1
26 24 2 5 2 3 4 1 6 7 0
25 22 3 5 2 3 4 0 6 7 1
25 21 4 5 2 3 4 6 0 7 1
23 20 3 6 2 3 4 5 0 7 1
23 19 4 6 2 3 4 0 5 7 1
21 17 4 5 2 3 4 1 0 7 6
23 19 4 1 2 3 6 0 5 7 4
21 17 4 1 5 3 4 2 0 7 6
20 17 3 1 2 3 6 5 0 7 4
20 17 3 1 2 3 6 5 7 4 0
20 16 4 1 2 3 6 5 7 0 4
26 23 3 0 2 3 4 5 6 1 7
22 20 2 7 2 3 4 5 6 1 0
22 19 3 7 2 3 4 5 6 0 1
22 18 4 7 2 3 4 5 0 6 1
22 19 3 1 2 3 4 0 6 5 7
19 17 2 1 2 3 4 7 6 5 0
19 16 3 1 2 3 4 7 6 0 5
19 15 4 1 2 3 4 7 0 6 5
13 9 4 1 6 0 4 5 2 7 3
17 13 4 1 2 0 4 3 5 7 6
20 17 3 6 1 3 4 5 2 7 0
18 14 4 0 1 3 4 5 2 7 6
18 14 4 1 3 0 4 5 2 7 6
20 16 4 1 2 3 0 6 5 7 4
20 16 4 1 2 3 4 6 5 0 7
22 18 4 0 2 3 4 6 5 7 1
22 18 4 1 2 0 4 6 5 7 3
20 17 3 6 2 3 4 1 5 7 0
18 14 4 0 2 3 4 1 5 7 6
20 17 3 1 2 3 6 4 5 7 0
20 16 4 1 2 3 0 4 5 7 6
20 16 4 1 0 3 4 2 5 7 6
17 13 4 1 2 3 0 5 7 6 4
19 15 4 0 2 3 4 5 7 6 1
18 14 4 1 2 3 4 0 7 6 5
12 8 4 1 0 6 4 5 2 7 3
13 10 3 1 2 6 4 3 5 7 0
12 8 4 1 2 6 4 0 5 7 3
16 13 3 1 0 3 4 5 2 7 6
17 15 2 1 2 3 4 6 5 7 0
16 13 3 1 2 3 4 0 5 7 6
14 12 2 1 2 3 4 5 0 7 6
14 12 2 1 2 3 4 5 7 6 0
14 11 3 1 2 3 4 5 7 0 6
14 10 4 1 2 0 4 5 7 3 6
10 7 3 1 2 6 4 5 0 7 3
10 7 3 1 2 6 4 5 7 3 0
10 6 4 1 2 6 4 5 7 0 3
9 5 4 1 2 0 4 5 7 6 3
9 4 5 1 0 2 4 5 7 6 3
11 6 5 3 1 2 4 5 7 6 0
9 3 6 0 1 2 4 5 7 6 3
9 2 7 5 1 2 4 0 7 6 3
6 0 6 5 1 2 4 3 7 6 0
