20 18 2 1 3 5 7 0 4 6 2
22 20 2 2 3 5 7 1 4 6 0
20 17 3 0 3 5 7 1 4 6 2
20 16 4 3 0 5 7 1 4 6 2
16 12 4 4 0 5 7 2 1 6 3
18 15 3 1 0 5 3 2 4 6 7
18 14 4 0 1 5 3 2 4 6 7
18 14 4 1 4 5 7 3 0 6 2
18 14 4 1 5 0 7 3 4 6 2
16 14 2 1 2 5 7 3 4 6 0
15 12 3 1 2 5 7 0 4 6 3
17 14 3 3 2 5 7 1 4 6 0
15 11 4 0 2 5 7 1 4 6 3
16 13 3 1 4 5 7 3 2 6 0
15 11 4 1 4 5 7 0 2 6 3
15 12 3 1 4 5 7 2 6 3 0
15 11 4 1 4 5 7 2 6 0 3
15 12 3 1 5 6 7 2 4 3 0
15 11 4 1 5 6 7 2 4 0 3
15 12 3 1 5 7 3 2 4 6 0
15 11 4 1 5 7 0 2 4 6 3
16 12 4 3 1 5 0 2 4 6 7
16 12 4 3 1 5 7 2 4 0 6
18 14 4 3 1 0 7 2 4 6 5
17 13 4 3 1 5 7 0 4 6 2
15 11 4 4 1 5 7 2 0 6 3
14 11 3 7 1 5 3 2 4 6 0
14 10 4 7 1 5 0 2 4 6 3
16 13 3 1 0 5 7 3 4 6 2
16 12 4 0 1 5 7 3 4 6 2
14 10 4 2 0 5 7 1 4 6 3
9 5 4 2 1 5 3 7 4 6 0
13 10 3 1 4 5 7 2 0 6 3
13 10 3 1 5 0 7 2 4 6 3
11 9 2 1 0 5 7 2 4 6 3
13 11 2 3 1 5 7 2 4 6 0
11 8 3 0 1 5 7 2 4 6 3
12 9 3 2 1 5 7 3 4 6 0
11 7 4 2 1 5 7 0 4 6 3
9 4 5 2 1 5 0 7 4 6 3
9 3 6 2 1 0 5 7 4 6 3
8 2 6 2 0 1 5 7 4 6 3
8 1 7 2 4 1 5 7 0 6 3
7 1 6 2 4 1 5 7 6 3 0
7 0 7 2 4 1 5 7 6 0 3
