31 29 2 1 2 3 0 5 6 7 4
30 27 3 0 2 3 1 5 6 7 4
26 24 2 4 2 3 1 5 6 7 0
27 23 4 4 2 3 1 5 6 0 7
23 20 3 7 2 3 1 5 6 4 0
23 19 4 7 2 3 1 5 6 0 4
22 18 4 0 2 3 7 5 6 1 4
22 18 4 0 2 3 4 7 6 1 5
24 21 3 5 2 3 4 7 6 1 0
23 19 4 5 2 3 4 0 6 1 7
23 19 4 2 0 3 4 5 6 1 7
25 21 4 6 2 3 4 5 0 1 7
24 21 3 4 2 3 7 5 6 1 0
24 20 4 4 2 3 0 5 6 1 7
20 16 4 7 2 3 0 5 6 1 4
21 17 4 7 2 3 4 0 6 1 5
19 15 4 7 2 3 4 5 0 6 1
17 13 4 0 2 1 4 5 6 3 7
21 18 3 0 2 3 4 5 6 1 7
17 15 2 7 2 3 4 5 6 1 0
17 14 3 7 2 3 4 5 6 0 1
17 13 4 7 2 0 4 5 6 3 1
13 10 3 7 2 1 4 5 6 3 0
13 9 4 7 2 1 4 5 6 0 3
12 8 4 7 2 0 4 5 6 1 3
12 7 5 7 0 2 4 5 6 1 3
13 9 4 3 7 2 4 5 6 1 0
11 6 5 0 7 2 4 5 6 1 3
11 5 6 5 7 2 4 0 6 1 3
8 3 5 5 7 2 4 3 6 1 0
9 2 7 5 7 2 0 3 6 1 4
9 3 6 4 7 2 5 3 6 1 0
7 0 7 0 7 2 5 3 6 1 4
