11 9 2 2 3 5 7 1 4 6 0
11 5 6 0 3 2 1 7 4 5 6
11 6 5 7 3 2 1 6 4 5 0
10 5 5 7 3 2 1 4 5 6 0
11 4 7 7 3 2 1 4 5 0 6
11 6 5 4 2 5 7 3 0 6 1
11 7 4 4 2 5 7 1 3 6 0
11 4 7 4 7 5 1 0 2 3 6
11 5 6 1 7 5 0 4 2 3 6
11 5 6 2 0 5 1 7 3 6 4
11 6 5 1 2 5 0 7 3 6 4
11 5 6 7 0 5 1 3 2 6 4
11 5 6 7 2 5 1 3 6 0 4
11 6 5 0 7 5 1 2 4 3 6
11 4 7 7 2 6 5 4 3 0 1
11 4 7 7 0 2 5 4 3 6 1
11 3 8 0 7 2 1 4 3 5 6
11 5 6 4 2 5 1 0 3 6 7
11 5 6 2 0 5 1 4 3 6 7
11 6 5 1 2 5 0 4 3 6 7
11 4 7 7 2 1 6 4 3 0 5
11 6 5 6 2 5 1 7 4 3 0
11 5 6 7 2 5 0 6 4 3 1
11 5 6 7 2 5 1 6 4 0 3
11 5 6 7 2 1 4 0 3 5 6
11 4 7 0 2 1 7 4 3 5 6
11 3 8 7 5 0 1 4 2 3 6
11 6 5 7 0 5 1 2 3 6 4
11 5 6 7 2 5 0 1 4 3 6
11 5 6 7 2 5 4 0 3 6 1
11 4 7 7 2 0 1 4 3 6 5
10 8 2 0 3 5 7 2 4 6 1
10 7 3 2 3 5 7 0 4 6 1
10 4 6 7 3 2 1 0 4 5 6
10 6 4 1 2 5 6 7 4 3 0
10 6 4 2 3 5 7 4 0 6 1
10 3 7 7 3 2 1 4 0 5 6
10 4 6 2 0 5 1 7 4 3 6
10 5 5 1 2 5 0 7 4 3 6
10 5 5 4 2 5 7 0 3 6 1
10 5 5 2 0 5 7 4 3 6 1
10 7 3 1 2 5 7 4 3 6 0
10 3 7 0 7 5 1 4 2 3 6
10 4 6 0 2 5 1 7 3 6 4
10 4 6 7 2 5 1 3 0 6 4
10 5 5 7 0 5 1 2 4 3 6
10 3 7 7 2 0 5 4 3 6 1
10 2 8 7 0 2 1 4 3 5 6
10 4 6 0 2 5 1 4 3 6 7
9 3 6 7 2 1 6 4 3 5 0
9 3 6 0 2 5 1 7 4 3 6
9 4 5 7 2 5 1 6 4 3 0
9 4 5 0 2 5 7 4 3 6 1
9 2 7 7 2 1 0 4 3 5 6
9 2 7 7 0 5 1 4 2 3 6
9 3 6 7 2 5 1 0 3 6 4
8 2 6 7 2 5 1 0 4 3 6
8 2 6 7 2 5 0 4 3 6 1
8 1 7 7 2 0 1 4 3 5 6
8 1 7 7 2 5 1 4 0 3 6
6 1 5 7 2 5 1 4 3 6 0
7 0 7 7 2 5 1 4 3 0 6
