30 28 2 0 3 5 7 2 4 6 1
31 29 2 2 3 5 7 1 4 6 0
30 27 3 2 3 5 7 0 4 6 1
30 26 4 2 3 5 7 4 0 6 1
28 25 3 4 3 5 7 2 0 6 1
28 24 4 4 3 5 7 0 2 6 1
26 22 4 2 3 5 7 1 0 6 4
26 22 4 1 2 5 7 3 0 6 4
29 26 3 0 3 5 7 2 4 1 6
25 23 2 6 3 5 7 2 4 1 0
25 22 3 6 3 5 7 2 4 0 1
25 21 4 6 3 5 7 2 0 4 1
23 20 3 1 3 4 7 2 0 6 5
23 20 3 1 3 4 7 2 6 5 0
23 19 4 1 3 4 7 2 6 0 5
25 22 3 1 3 5 7 0 4 2 6
22 20 2 1 3 5 7 6 4 2 0
22 19 3 1 3 5 7 6 4 0 2
22 18 4 1 3 5 7 6 0 4 2
23 19 4 1 0 5 4 2 3 6 7
23 19 4 1 3 5 4 0 2 6 7
23 19 4 1 3 5 0 2 6 7 4
25 22 3 1 0 3 4 2 6 7 5
25 21 4 1 3 0 4 2 6 7 5
24 20 4 1 3 5 4 0 6 7 2
25 22 3 4 1 5 7 2 3 6 0
23 19 4 0 1 5 7 2 3 6 4
23 19 4 1 5 0 7 2 3 6 4
25 21 4 1 3 5 0 4 2 6 7
25 21 4 1 3 5 7 4 2 0 6
27 23 4 0 3 5 7 4 2 6 1
27 23 4 1 3 0 7 4 2 6 5
25 22 3 4 3 5 7 1 2 6 0
23 19 4 0 3 5 7 1 2 6 4
25 22 3 1 3 5 4 7 2 6 0
25 21 4 1 3 5 0 7 2 6 4
25 21 4 1 0 5 7 3 2 6 4
21 17 4 1 3 0 7 2 6 5 4
22 18 4 0 3 5 7 2 6 4 1
22 18 4 1 3 0 7 2 6 4 5
21 17 4 1 3 5 7 0 6 4 2
21 18 3 1 3 5 4 2 0 6 7
21 18 3 1 3 5 4 2 6 7 0
21 17 4 1 3 5 4 2 6 0 7
21 18 3 1 0 5 7 2 3 6 4
22 20 2 1 3 5 7 4 2 6 0
21 18 3 1 3 5 7 0 2 6 4
19 17 2 1 3 5 7 2 0 6 4
19 16 3 1 3 5 7 2 6 0 4
17 15 2 1 3 5 7 2 6 4 0
18 14 4 1 3 5 0 2 6 4 7
17 12 5 0 3 5 1 2 6 4 7
16 11 5 4 7 5 0 2 3 6 1
16 11 5 1 7 5 4 2 3 0 6
18 13 5 0 7 5 4 2 3 6 1
18 13 5 1 7 0 4 2 3 6 5
17 12 5 1 7 5 4 0 3 6 2
15 10 5 1 7 0 5 2 3 6 4
18 14 4 1 7 5 2 4 3 6 0
17 12 5 1 7 5 2 0 3 6 4
17 13 4 1 7 5 6 2 3 4 0
17 12 5 1 7 5 6 2 3 0 4
15 10 5 3 7 5 1 2 0 6 4
14 10 4 7 3 5 1 4 2 6 0
13 8 5 7 3 5 1 0 2 6 4
13 9 4 7 3 5 1 2 6 4 0
13 8 5 7 3 5 1 2 6 0 4
14 10 4 4 7 5 1 2 3 6 0
13 10 3 1 7 5 4 2 3 6 0
13 9 4 1 7 5 0 2 3 6 4
12 7 5 0 7 5 1 2 3 6 4
11 7 4 7 3 5 1 2 0 6 4
11 6 5 7 0 5 1 2 3 6 4
9 3 6 7 2 5 1 0 3 6 4
6 1 5 7 2 5 1 4 3 6 0
7 0 7 7 2 5 1 4 3 0 6
