11 9 2 1 3 5 7 2 4 0 6
11 8 3 1 0 5 7 2 4 3 6
11 7 4 6 3 4 7 2 5 1 0
11 7 4 1 2 3 7 6 5 4 0
11 7 4 1 3 4 6 2 5 7 0
11 6 5 1 4 2 7 6 3 5 0
11 5 6 6 3 4 1 2 0 5 7
11 9 2 1 2 3 4 5 0 7 6
11 7 4 1 3 7 6 2 5 4 0
11 7 4 1 3 0 4 5 6 2 7
11 7 4 1 3 4 7 5 0 6 2
11 7 4 1 3 5 4 2 0 7 6
11 8 3 1 3 5 7 2 0 4 6
11 8 3 1 2 3 7 4 6 5 0
11 7 4 1 4 5 7 2 0 3 6
11 6 5 6 3 4 7 2 5 0 1
11 6 5 1 2 3 7 6 5 0 4
11 6 5 1 3 4 6 2 5 0 7
11 6 5 1 2 0 7 6 4 3 5
11 7 4 1 3 5 4 7 6 2 0
11 8 3 1 3 5 7 4 6 2 0
11 5 6 1 4 2 7 6 3 0 5
11 5 6 6 1 3 4 0 2 5 7
11 7 4 1 3 0 4 2 5 6 7
11 6 5 1 3 4 6 7 2 5 0
11 5 6 1 3 4 5 6 0 2 7
11 5 6 1 3 0 5 6 2 4 7
11 4 7 6 3 4 1 0 2 5 7
11 8 3 1 2 3 0 5 6 4 7
11 8 3 1 2 3 7 5 6 0 4
11 6 5 0 2 3 7 1 6 4 5
11 5 6 1 3 7 5 6 2 0 4
11 8 3 1 2 3 4 7 6 0 5
11 7 4 1 2 3 0 6 5 7 4
11 8 3 1 2 3 4 0 5 7 6
11 6 5 1 2 0 4 6 5 3 7
11 5 6 1 0 5 4 6 3 2 7
11 6 5 1 0 5 7 6 3 2 4
11 6 5 1 0 3 7 2 5 4 6
11 6 5 1 3 7 0 2 5 4 6
11 6 5 1 3 4 0 5 6 2 7
11 6 5 1 3 4 7 5 6 0 2
11 5 6 0 1 4 7 2 3 5 6
11 4 7 0 1 3 7 6 2 4 5
11 4 7 0 1 4 7 6 3 2 5
11 4 7 3 0 4 7 1 2 5 6
11 6 5 6 3 4 7 1 2 5 0
11 4 7 3 0 4 7 6 2 5 1
11 6 5 1 3 5 4 0 2 7 6
11 6 5 1 3 5 0 6 2 4 7
11 7 4 1 3 5 7 0 2 4 6
11 8 3 1 3 0 7 2 5 6 4
11 7 4 1 3 4 7 0 5 6 2
11 5 6 1 3 4 0 7 2 5 6
11 5 6 1 0 4 7 3 2 5 6
10 6 4 1 2 3 7 0 6 5 4
10 6 4 1 2 3 7 6 4 5 0
9 7 2 1 4 5 7 2 3 6 0
10 6 4 1 4 5 7 2 3 0 6
10 5 5 6 3 4 7 2 0 5 1
10 5 5 1 2 3 7 6 0 5 4
10 5 5 1 3 7 4 6 2 5 0
10 5 5 1 3 4 6 2 0 5 7
10 5 5 1 3 4 5 6 2 7 0
10 5 5 1 2 3 7 6 4 0 5
10 5 5 1 3 5 4 0 6 2 7
10 6 4 1 3 5 7 0 6 2 4
10 5 5 1 4 0 7 2 3 5 6
10 4 6 1 4 0 7 6 3 2 5
10 4 6 6 3 4 7 0 2 5 1
10 6 4 0 2 3 4 1 6 5 7
10 5 5 1 3 5 0 6 2 7 4
10 4 6 0 1 3 4 6 2 5 7
10 6 4 1 3 4 0 2 5 6 7
10 4 6 0 3 4 7 1 6 2 5
10 4 6 1 0 3 7 6 2 5 4
10 4 6 1 3 7 0 6 2 5 4
10 4 6 1 3 4 6 0 2 5 7
10 4 6 1 3 4 5 6 2 0 7
10 3 7 0 3 4 1 6 2 5 7
9 7 2 1 2 3 7 5 6 4 0
9 5 4 1 2 3 7 0 6 4 5
9 4 5 1 2 3 7 6 0 4 5
9 4 5 1 3 7 5 6 2 4 0
9 7 2 1 2 3 4 7 6 5 0
8 6 2 1 2 3 4 6 5 7 0
9 5 4 1 2 3 4 6 5 0 7
9 4 5 1 3 5 4 6 0 2 7
9 5 4 1 3 5 7 6 0 2 4
9 5 4 1 3 0 7 2 5 4 6
9 5 4 1 3 4 7 5 6 2 0
9 4 5 1 0 4 7 2 3 5 6
9 3 6 1 0 3 7 6 2 4 5
9 3 6 1 3 7 0 6 2 4 5
9 3 6 1 0 4 7 6 3 2 5
9 3 6 0 3 4 7 1 2 5 6
9 3 6 0 3 4 7 6 2 5 1
8 5 3 1 2 3 4 0 6 5 7
8 4 4 1 3 5 4 6 2 7 0
8 4 4 1 2 3 4 6 0 5 7
8 5 3 1 3 5 7 6 2 4 0
8 3 5 1 3 5 4 6 2 0 7
8 3 5 1 0 3 4 6 2 5 7
8 4 4 1 3 5 7 6 2 0 4
7 5 2 1 3 4 7 2 5 6 0
8 4 4 1 3 4 7 2 5 0 6
8 3 5 1 3 4 7 0 6 2 5
8 2 6 1 3 0 4 6 2 5 7
8 3 5 1 3 0 7 6 2 5 4
7 3 4 1 3 4 7 2 0 5 6
7 2 5 1 3 0 7 6 2 4 5
7 2 5 1 3 4 7 6 0 2 5
7 1 6 1 3 4 0 6 2 5 7
7 2 5 1 3 4 7 0 2 5 6
6 1 5 1 3 4 7 6 2 0 5
4 0 4 1 3 4 7 6 2 5 0
