11 9 2 1 3 5 7 2 4 0 6
11 8 3 1 3 5 7 2 0 4 6
11 7 4 1 3 5 7 0 2 4 6
9 5 4 1 3 5 7 6 0 2 4
8 5 3 1 3 5 7 6 2 4 0
8 4 4 1 3 5 7 6 2 0 4
8 3 5 1 3 0 7 6 2 5 4
14 10 4 1 3 6 7 2 0 5 4
14 10 4 1 5 3 7 2 0 6 4
11 7 4 1 3 0 4 2 5 6 7
15 11 4 5 3 4 7 2 0 6 1
12 8 4 1 3 4 7 5 0 6 2
13 10 3 1 3 6 7 2 5 4 0
13 9 4 1 3 6 7 2 5 0 4
13 9 4 1 0 3 7 2 5 6 4
13 10 3 1 3 7 4 2 5 6 0
13 9 4 1 3 7 0 2 5 6 4
10 6 4 1 3 4 0 2 5 6 7
12 8 4 0 3 4 7 2 5 6 1
11 7 4 1 3 4 7 0 5 6 2
9 5 4 1 3 0 7 2 5 4 6
11 8 3 1 3 0 7 2 5 6 4
7 5 2 1 3 4 7 2 5 6 0
8 4 4 1 3 4 7 2 5 0 6
7 3 4 1 3 4 7 2 0 5 6
7 2 5 1 3 4 7 0 2 5 6
4 0 4 1 3 4 7 6 2 5 0
