32 30 2 1 3 5 7 0 4 6 2
30 27 3 1 3 5 0 7 4 6 2
29 25 4 0 3 5 1 7 4 6 2
29 24 5 3 0 5 1 7 4 6 2
25 20 5 2 0 5 1 7 4 6 3
25 20 5 4 0 5 1 2 7 6 3
25 20 5 2 7 5 0 3 4 6 1
25 20 5 2 0 5 3 7 4 6 1
25 20 5 4 0 5 3 2 7 6 1
25 20 5 2 7 5 0 1 4 6 3
22 17 5 7 0 5 3 1 4 6 2
23 18 5 3 7 5 0 1 4 6 2
22 17 5 1 0 5 3 4 7 6 2
19 14 5 1 0 7 3 2 4 5 6
19 14 5 1 7 3 0 2 4 5 6
19 14 5 1 0 5 3 2 7 4 6
16 11 5 1 0 7 5 2 4 3 6
20 15 5 1 0 5 2 7 4 3 6
20 15 5 6 7 5 1 2 4 0 3
17 12 5 7 0 5 1 2 4 3 6
16 11 5 1 0 7 6 2 4 5 3
16 11 5 1 7 6 0 2 4 5 3
16 11 5 1 0 5 6 2 7 4 3
17 12 5 7 0 5 6 2 4 3 1
18 13 5 6 7 5 0 2 4 3 1
17 12 5 1 0 7 6 2 4 3 5
17 12 5 1 7 6 0 2 4 3 5
16 11 5 1 7 5 2 6 4 0 3
17 13 4 1 7 5 3 6 4 2 0
17 12 5 1 7 5 3 6 4 0 2
22 17 5 1 4 7 5 2 0 6 3
24 20 4 3 1 7 5 2 4 6 0
22 17 5 0 1 7 5 2 4 6 3
26 21 5 1 4 5 2 7 0 6 3
28 24 4 3 1 5 2 7 4 6 0
26 21 5 0 1 5 2 7 4 6 3
26 21 5 1 5 0 2 7 4 6 3
23 18 5 7 4 5 1 2 0 6 3
23 18 5 7 5 0 1 2 4 6 3
23 18 5 7 4 5 3 2 0 6 1
23 18 5 7 5 0 3 2 4 6 1
24 19 5 3 7 0 5 2 4 6 1
26 21 5 3 7 5 2 0 4 6 1
26 22 4 3 7 5 6 2 4 1 0
26 21 5 3 7 5 6 2 4 0 1
23 18 5 1 4 7 3 2 0 6 5
25 21 4 5 1 7 3 2 4 6 0
23 18 5 0 1 7 3 2 4 6 5
24 19 5 1 7 3 5 2 4 0 6
26 21 5 0 7 3 5 2 4 6 1
25 20 5 1 7 3 5 0 4 6 2
26 22 4 1 7 3 2 5 4 6 0
25 20 5 1 7 3 2 0 4 6 5
25 21 4 1 7 3 6 2 4 5 0
25 20 5 1 7 3 6 2 4 0 5
26 22 4 5 7 3 1 2 4 6 0
24 19 5 0 7 3 1 2 4 6 5
24 19 5 1 7 0 5 3 4 6 2
26 22 4 1 7 5 6 3 4 2 0
26 21 5 1 7 5 6 3 4 0 2
25 20 5 0 7 5 1 3 4 6 2
24 19 5 1 4 5 3 7 0 6 2
26 22 4 2 1 5 3 7 4 6 0
24 19 5 0 1 5 3 7 4 6 2
24 19 5 1 5 0 3 7 4 6 2
21 17 4 1 7 6 5 2 4 3 0
21 16 5 1 7 6 5 2 4 0 3
25 20 5 1 7 5 2 3 4 0 6
27 22 5 0 7 5 2 3 4 6 1
27 22 5 1 7 0 2 3 4 6 5
25 21 4 3 7 5 2 1 4 6 0
23 18 5 0 7 5 2 1 4 6 3
23 18 5 1 7 5 2 4 0 6 3
25 20 5 3 7 5 1 2 4 0 6
27 22 5 3 7 0 1 2 4 6 5
26 21 5 3 7 5 1 0 4 6 2
23 19 4 2 7 5 1 3 4 6 0
22 17 5 2 7 5 1 0 4 6 3
24 19 5 4 7 5 1 2 0 6 3
22 17 5 2 7 5 3 0 4 6 1
24 19 5 4 7 5 3 2 0 6 1
22 18 4 1 7 6 3 2 4 5 0
22 17 5 1 7 6 3 2 4 0 5
23 19 4 2 7 5 3 1 4 6 0
21 16 5 0 7 5 3 1 4 6 2
21 16 5 1 7 5 3 4 0 6 2
18 13 5 1 7 0 3 2 4 5 6
18 13 5 1 7 5 3 2 0 4 6
15 10 5 1 7 0 5 2 4 3 6
17 12 5 1 7 5 2 0 4 3 6
18 14 4 6 7 5 1 2 4 3 0
16 11 5 0 7 5 1 2 4 3 6
15 10 5 1 7 0 6 2 4 5 3
15 10 5 1 7 5 6 2 0 4 3
16 11 5 0 7 5 6 2 4 3 1
16 11 5 1 7 0 6 2 4 3 5
14 10 4 1 7 5 2 6 4 3 0
14 9 5 1 7 5 0 6 4 3 2
14 9 5 1 0 5 6 7 4 3 2
20 16 4 1 0 7 5 2 4 6 3
24 20 4 1 0 5 2 7 4 6 3
21 17 4 7 0 5 1 2 4 6 3
21 17 4 7 0 5 3 2 4 6 1
22 18 4 3 7 5 0 2 4 6 1
21 17 4 1 0 7 3 2 4 6 5
21 18 3 1 7 3 5 2 4 6 0
21 17 4 1 7 3 0 2 4 6 5
22 18 4 1 7 5 0 3 4 6 2
22 18 4 1 0 5 3 7 4 6 2
19 15 4 1 7 0 5 2 4 6 3
22 19 3 1 7 5 2 3 4 6 0
21 17 4 1 7 5 2 0 4 6 3
22 19 3 3 7 5 1 2 4 6 0
20 16 4 0 7 5 1 2 4 6 3
20 16 4 0 7 5 3 2 4 6 1
20 16 4 1 7 0 3 2 4 6 5
19 15 4 1 7 5 3 0 4 6 2
17 14 3 1 7 5 0 2 4 6 3
15 13 2 1 7 5 3 2 4 6 0
16 12 4 1 7 5 3 2 4 0 6
13 9 4 1 7 5 0 2 4 3 6
13 9 4 1 7 5 6 2 4 0 3
11 8 3 1 7 5 6 2 4 3 0
11 6 5 1 7 5 6 0 4 3 2
11 5 6 1 7 5 6 4 0 3 2
9 2 7 0 7 5 6 4 1 3 2
7 1 6 6 7 5 2 4 1 3 0
7 0 7 6 7 5 0 4 1 3 2
