29 27 2 1 3 5 0 2 4 6 7
27 24 3 1 3 5 2 0 4 6 7
24 22 2 1 3 5 2 7 4 6 0
25 21 4 1 3 5 2 7 4 0 6
26 22 4 1 3 5 0 6 4 2 7
27 24 3 1 3 5 7 6 4 0 2
25 23 2 1 3 5 7 6 4 2 0
24 21 3 1 3 5 7 0 4 2 6
22 18 4 1 3 5 0 7 4 2 6
23 19 4 1 3 5 6 0 4 2 7
20 17 3 1 3 5 6 7 4 2 0
20 16 4 1 3 5 6 7 4 0 2
20 15 5 1 3 5 6 7 0 4 2
22 17 5 1 3 5 0 6 7 4 2
20 15 5 4 3 5 1 2 0 7 6
22 18 4 4 3 1 5 2 7 6 0
22 17 5 4 3 1 0 2 7 6 5
21 16 5 4 3 5 1 7 0 6 2
23 18 5 4 3 5 0 1 7 6 2
19 14 5 2 3 5 0 4 7 6 1
17 12 5 2 3 5 1 7 0 6 4
19 14 5 2 3 5 0 1 7 6 4
17 12 5 3 7 5 1 2 0 6 4
14 9 5 1 7 3 5 2 0 6 4
11 6 5 1 3 6 4 2 0 7 5
13 8 5 1 0 3 4 2 7 5 6
13 8 5 1 3 4 0 2 7 5 6
17 12 5 1 0 5 4 2 3 7 6
18 14 4 1 3 5 4 6 2 7 0
17 12 5 1 3 5 4 0 2 7 6
21 16 5 7 0 5 4 2 3 6 1
22 18 4 7 3 5 4 1 2 6 0
21 16 5 7 3 5 4 0 2 6 1
21 17 4 7 3 5 4 2 6 1 0
21 16 5 7 3 5 4 2 6 0 1
20 15 5 1 3 4 5 2 7 0 6
22 17 5 0 3 4 5 2 7 6 1
21 16 5 1 3 4 5 0 7 6 2
22 18 4 1 3 4 2 5 7 6 0
21 16 5 1 3 4 2 0 7 6 5
21 17 4 1 3 4 6 2 7 5 0
21 16 5 1 3 4 6 2 7 0 5
22 18 4 5 3 4 1 2 7 6 0
20 15 5 0 3 4 1 2 7 6 5
18 13 5 1 0 5 4 7 3 6 2
18 14 4 1 3 5 4 7 6 2 0
18 13 5 1 3 5 4 7 6 0 2
20 15 5 1 3 0 5 4 7 6 2
22 18 4 1 3 5 6 4 7 2 0
22 17 5 1 3 5 6 4 7 0 2
21 16 5 0 3 5 1 4 7 6 2
18 13 5 1 0 5 2 7 3 6 4
18 14 4 1 3 5 2 7 6 4 0
18 13 5 1 3 5 2 7 6 0 4
22 18 4 1 3 5 2 6 7 4 0
21 16 5 1 3 5 2 0 7 4 6
22 18 4 6 3 5 1 2 7 4 0
20 15 5 0 3 5 1 2 7 4 6
18 13 5 1 0 5 6 2 3 7 4
19 15 4 1 3 5 6 4 2 7 0
18 13 5 1 3 5 6 0 2 7 4
20 15 5 4 3 0 5 2 7 6 1
22 17 5 4 3 5 2 0 7 6 1
22 18 4 4 3 5 6 2 7 1 0
22 17 5 4 3 5 6 2 7 0 1
19 14 5 7 0 5 1 2 3 6 4
20 16 4 7 3 5 1 4 2 6 0
19 14 5 7 3 5 1 0 2 6 4
19 15 4 7 3 5 1 2 6 4 0
19 14 5 7 3 5 1 2 6 0 4
18 13 5 2 3 5 4 0 7 6 1
18 13 5 3 0 5 4 2 7 6 1
18 13 5 1 0 3 4 2 7 6 5
19 15 4 2 3 5 4 1 7 6 0
17 12 5 0 3 5 4 1 7 6 2
19 14 5 1 0 5 4 3 7 6 2
19 14 5 1 3 5 2 4 7 0 6
21 16 5 0 3 5 2 4 7 6 1
21 16 5 1 3 0 2 4 7 6 5
19 15 4 4 3 5 2 1 7 6 0
17 12 5 0 3 5 2 1 7 6 4
19 14 5 1 0 5 2 3 7 6 4
20 15 5 0 3 5 6 2 7 4 1
20 15 5 1 3 0 6 2 7 4 5
19 14 5 1 3 5 6 0 7 4 2
19 14 5 4 3 5 1 2 7 0 6
21 16 5 4 3 0 1 2 7 6 5
20 15 5 4 3 5 1 0 7 6 2
17 13 4 2 3 5 1 4 7 6 0
16 11 5 2 3 5 1 0 7 6 4
16 11 5 3 0 5 1 2 7 6 4
13 8 5 1 0 3 5 2 7 6 4
13 8 5 1 3 6 0 2 7 4 5
15 10 5 1 3 0 5 2 7 4 6
12 7 5 1 3 6 5 2 0 7 4
10 5 5 1 3 6 4 2 7 0 5
12 7 5 1 3 0 4 2 7 5 6
9 4 5 1 3 0 6 2 7 5 4
15 11 4 1 3 5 4 2 0 7 6
19 15 4 7 3 5 4 2 0 6 1
17 14 3 1 3 4 5 2 7 6 0
17 13 4 1 3 4 0 2 7 6 5
16 12 4 1 3 5 4 7 0 6 2
18 14 4 1 3 5 0 4 7 6 2
16 12 4 1 3 5 2 7 0 6 4
17 13 4 1 3 5 0 2 7 4 6
16 12 4 1 3 5 6 2 0 7 4
18 14 4 4 3 5 0 2 7 6 1
17 13 4 7 3 5 1 2 0 6 4
14 10 4 1 3 5 4 2 7 0 6
16 12 4 0 3 5 4 2 7 6 1
16 12 4 1 3 0 4 2 7 6 5
15 11 4 1 3 5 4 0 7 6 2
16 13 3 1 3 5 2 4 7 6 0
15 11 4 1 3 5 2 0 7 6 4
15 12 3 1 3 5 6 2 7 4 0
15 11 4 1 3 5 6 2 7 0 4
16 13 3 4 3 5 1 2 7 6 0
14 10 4 0 3 5 1 2 7 6 4
11 9 2 1 3 5 4 2 7 6 0
11 8 3 1 3 5 0 2 7 6 4
11 7 4 1 3 0 5 2 7 6 4
11 7 4 1 3 6 5 2 7 4 0
11 6 5 1 3 6 5 2 7 0 4
8 4 4 1 3 6 4 2 7 5 0
8 3 5 1 3 6 0 2 7 5 4
7 2 5 1 3 6 2 4 7 5 0
6 0 6 1 3 6 2 0 7 5 4
