23 21 2 1 2 3 4 0 6 7 5
23 20 3 1 2 3 4 6 0 7 5
21 17 4 0 2 3 4 6 1 7 5
17 13 4 5 2 3 4 1 0 7 6
23 20 3 1 2 3 6 5 0 7 4
21 17 4 0 2 3 6 5 1 7 4
22 19 3 6 1 3 4 5 2 7 0
20 16 4 0 1 3 4 5 2 7 6
20 16 4 1 3 0 4 5 2 7 6
22 18 4 1 2 3 0 6 5 7 4
22 18 4 1 2 3 4 6 5 0 7
24 20 4 0 2 3 4 6 5 7 1
24 20 4 1 2 0 4 6 5 7 3
22 19 3 6 2 3 4 1 5 7 0
20 16 4 0 2 3 4 1 5 7 6
22 19 3 1 2 3 6 4 5 7 0
22 18 4 1 2 3 0 4 5 7 6
22 18 4 1 0 3 4 2 5 7 6
21 17 4 1 2 3 0 5 7 6 4
23 19 4 0 2 3 4 5 7 6 1
23 19 4 1 2 0 4 5 7 6 3
22 18 4 1 2 3 4 0 7 6 5
20 16 4 1 2 0 4 5 7 3 6
19 15 4 6 2 3 0 5 1 7 4
19 15 4 6 2 3 4 5 1 0 7
21 17 4 6 2 0 4 5 1 7 3
20 16 4 6 2 3 4 0 1 7 5
17 14 3 5 2 3 4 6 1 7 0
16 12 4 5 2 3 4 0 1 7 6
17 14 3 4 2 3 6 5 1 7 0
17 13 4 4 2 3 0 5 1 7 6
15 11 4 2 1 3 4 5 0 7 6
18 15 3 1 0 3 4 5 2 7 6
19 17 2 1 2 3 4 6 5 7 0
18 15 3 1 2 3 4 0 5 7 6
18 16 2 1 2 3 4 5 7 6 0
18 15 3 1 2 3 4 5 7 0 6
16 14 2 6 2 3 4 5 1 7 0
16 14 2 1 2 3 4 5 0 7 6
14 11 3 0 2 3 4 5 1 7 6
14 10 4 2 0 3 4 5 1 7 6
14 9 5 2 3 0 4 5 1 7 6
13 9 4 1 3 6 4 2 5 7 0
12 7 5 1 3 6 4 0 5 7 2
12 8 4 1 3 6 4 5 7 2 0
12 7 5 1 3 6 4 5 7 0 2
9 4 5 3 0 6 4 5 1 7 2
12 8 4 1 6 0 4 5 3 7 2
11 7 4 1 0 6 4 5 3 7 2
10 6 4 2 3 6 4 5 1 7 0
10 6 4 1 3 6 4 5 0 7 2
8 3 5 0 3 6 4 5 1 7 2
9 4 5 5 3 6 4 2 1 7 0
8 2 6 5 3 6 4 0 1 7 2
7 1 6 5 3 0 4 1 7 6 2
7 1 6 5 3 6 4 1 0 7 2
7 1 6 5 3 6 4 1 7 2 0
7 0 7 5 3 6 4 1 7 0 2
