36 34 2 1 3 5 7 0 4 6 2
34 31 3 1 3 5 0 7 4 6 2
33 29 4 0 3 5 1 7 4 6 2
33 28 5 3 0 5 1 7 4 6 2
29 24 5 2 0 5 1 7 4 6 3
29 24 5 4 0 5 1 2 7 6 3
29 24 5 2 7 5 0 3 4 6 1
29 24 5 2 0 5 3 7 4 6 1
29 24 5 4 0 5 3 2 7 6 1
29 24 5 2 7 5 0 1 4 6 3
26 21 5 7 0 5 3 1 4 6 2
27 22 5 3 7 5 0 1 4 6 2
26 21 5 1 0 5 3 4 7 6 2
23 18 5 1 0 7 3 2 4 5 6
23 18 5 1 7 3 0 2 4 5 6
23 18 5 1 0 5 3 2 7 4 6
20 15 5 1 0 7 5 2 4 3 6
24 19 5 1 7 5 2 6 4 0 3
24 19 5 1 0 5 2 7 4 3 6
20 15 5 1 0 7 6 2 4 5 3
20 15 5 1 7 6 0 2 4 5 3
20 15 5 1 0 5 6 2 7 4 3
21 16 5 1 0 7 6 2 4 3 5
21 16 5 1 7 6 0 2 4 3 5
22 17 5 1 7 5 0 6 4 3 2
22 17 5 1 0 5 6 7 4 3 2
17 12 5 7 0 5 1 2 4 3 6
17 12 5 6 7 5 0 2 4 1 3
19 14 5 0 7 5 3 2 4 1 6
26 21 5 1 4 7 5 2 0 6 3
28 24 4 3 1 7 5 2 4 6 0
26 21 5 0 1 7 5 2 4 6 3
30 25 5 1 4 5 2 7 0 6 3
32 28 4 3 1 5 2 7 4 6 0
30 25 5 0 1 5 2 7 4 6 3
30 25 5 1 5 0 2 7 4 6 3
27 22 5 7 4 5 1 2 0 6 3
27 22 5 7 5 0 1 2 4 6 3
27 22 5 7 4 5 3 2 0 6 1
27 22 5 7 5 0 3 2 4 6 1
28 23 5 3 7 0 5 2 4 6 1
30 25 5 3 7 5 2 0 4 6 1
30 26 4 3 7 5 6 2 4 1 0
30 25 5 3 7 5 6 2 4 0 1
27 22 5 1 4 7 3 2 0 6 5
29 25 4 5 1 7 3 2 4 6 0
27 22 5 0 1 7 3 2 4 6 5
28 23 5 1 7 3 5 2 4 0 6
30 25 5 0 7 3 5 2 4 6 1
29 24 5 1 7 3 5 0 4 6 2
30 26 4 1 7 3 2 5 4 6 0
29 24 5 1 7 3 2 0 4 6 5
29 25 4 1 7 3 6 2 4 5 0
29 24 5 1 7 3 6 2 4 0 5
30 26 4 5 7 3 1 2 4 6 0
28 23 5 0 7 3 1 2 4 6 5
28 23 5 1 7 0 5 3 4 6 2
30 26 4 1 7 5 6 3 4 2 0
30 25 5 1 7 5 6 3 4 0 2
29 24 5 0 7 5 1 3 4 6 2
28 23 5 1 4 5 3 7 0 6 2
30 26 4 2 1 5 3 7 4 6 0
28 23 5 0 1 5 3 7 4 6 2
28 23 5 1 5 0 3 7 4 6 2
25 21 4 1 7 6 5 2 4 3 0
25 20 5 1 7 6 5 2 4 0 3
29 24 5 1 7 5 2 3 4 0 6
31 26 5 0 7 5 2 3 4 6 1
31 26 5 1 7 0 2 3 4 6 5
29 25 4 3 7 5 2 1 4 6 0
27 22 5 0 7 5 2 1 4 6 3
27 22 5 1 7 5 2 4 0 6 3
29 24 5 3 7 5 1 2 4 0 6
31 26 5 3 7 0 1 2 4 6 5
30 25 5 3 7 5 1 0 4 6 2
27 23 4 2 7 5 1 3 4 6 0
26 21 5 2 7 5 1 0 4 6 3
28 23 5 4 7 5 1 2 0 6 3
26 21 5 2 7 5 3 0 4 6 1
28 23 5 4 7 5 3 2 0 6 1
26 22 4 1 7 6 3 2 4 5 0
26 21 5 1 7 6 3 2 4 0 5
27 23 4 2 7 5 3 1 4 6 0
25 20 5 0 7 5 3 1 4 6 2
25 20 5 1 7 5 3 4 0 6 2
22 17 5 1 7 0 3 2 4 5 6
22 17 5 1 7 5 3 2 0 4 6
19 14 5 1 7 0 5 2 4 3 6
22 18 4 1 7 5 2 6 4 3 0
21 16 5 1 7 5 2 0 4 3 6
19 14 5 1 7 0 6 2 4 5 3
19 14 5 1 7 5 6 2 0 4 3
20 15 5 1 7 0 6 2 4 3 5
19 14 5 1 7 5 6 0 4 3 2
15 10 5 7 0 5 6 2 4 3 1
14 9 5 6 7 5 1 2 4 0 3
16 11 5 0 7 5 1 2 4 3 6
15 11 4 6 7 5 3 2 4 1 0
15 10 5 6 7 5 3 2 4 0 1
24 20 4 1 0 7 5 2 4 6 3
28 24 4 1 0 5 2 7 4 6 3
25 21 4 7 0 5 1 2 4 6 3
25 21 4 7 0 5 3 2 4 6 1
26 22 4 3 7 5 0 2 4 6 1
25 21 4 1 0 7 3 2 4 6 5
25 22 3 1 7 3 5 2 4 6 0
25 21 4 1 7 3 0 2 4 6 5
26 22 4 1 7 5 0 3 4 6 2
26 22 4 1 0 5 3 7 4 6 2
23 19 4 1 7 0 5 2 4 6 3
26 23 3 1 7 5 2 3 4 6 0
25 21 4 1 7 5 2 0 4 6 3
26 23 3 3 7 5 1 2 4 6 0
24 20 4 0 7 5 1 2 4 6 3
24 20 4 0 7 5 3 2 4 6 1
24 20 4 1 7 0 3 2 4 6 5
23 19 4 1 7 5 3 0 4 6 2
21 18 3 1 7 5 0 2 4 6 3
19 17 2 1 7 5 3 2 4 6 0
20 16 4 1 7 5 3 2 4 0 6
17 13 4 1 7 5 0 2 4 3 6
17 13 4 1 7 5 6 2 4 0 3
15 12 3 1 7 5 6 2 4 3 0
14 9 5 0 7 5 6 2 4 3 1
12 8 4 6 7 5 1 2 4 3 0
12 7 5 6 7 5 0 2 4 3 1
12 6 6 6 7 0 5 2 4 3 1
8 3 5 6 7 1 5 2 4 3 0
8 1 7 6 7 1 5 0 4 3 2
8 1 7 7 0 1 5 6 4 3 2
9 3 6 5 7 1 2 6 4 3 0
9 2 7 5 7 1 0 6 4 3 2
9 3 6 2 7 1 5 6 4 3 0
7 0 7 0 7 1 5 6 4 3 2
