23 21 2 1 3 5 7 0 4 6 2
25 23 2 2 3 5 7 1 4 6 0
23 20 3 0 3 5 7 1 4 6 2
23 19 4 3 0 5 7 1 4 6 2
21 18 3 1 0 5 7 3 4 6 2
21 17 4 0 1 5 7 3 4 6 2
19 15 4 2 0 5 7 1 4 6 3
19 15 4 4 0 5 7 2 1 6 3
18 15 3 1 0 5 7 2 4 3 6
18 14 4 1 5 0 7 2 4 3 6
17 13 4 1 5 3 7 2 4 0 6
19 15 4 0 5 3 7 2 4 6 1
18 14 4 1 5 3 7 0 4 6 2
17 14 3 1 4 5 7 3 2 6 0
16 12 4 1 4 5 7 0 2 6 3
16 13 3 1 4 5 7 2 6 3 0
16 12 4 1 4 5 7 2 6 0 3
19 15 4 3 1 5 0 2 4 6 7
19 15 4 3 1 5 7 2 4 0 6
21 17 4 3 1 0 7 2 4 6 5
20 16 4 3 1 5 7 0 4 6 2
17 14 3 2 1 5 7 3 4 6 0
16 12 4 2 1 5 7 0 4 6 3
18 14 4 4 1 5 7 2 0 6 3
17 13 4 7 1 5 0 2 4 6 3
14 11 3 1 5 6 7 2 4 3 0
14 10 4 1 5 6 7 2 4 0 3
16 12 4 1 4 5 3 2 0 6 7
18 15 3 7 1 5 3 2 4 6 0
16 12 4 0 1 5 3 2 4 6 7
14 12 2 1 5 3 7 2 4 6 0
15 11 4 1 5 3 0 2 4 6 7
14 11 3 1 4 5 7 2 0 6 3
16 14 2 3 1 5 7 2 4 6 0
14 11 3 0 1 5 7 2 4 6 3
12 10 2 1 0 5 7 2 4 6 3
12 9 3 1 5 0 7 2 4 6 3
12 8 4 1 5 7 0 2 4 6 3
14 11 3 1 0 5 3 2 4 6 7
14 10 4 1 5 0 3 2 4 6 7
10 7 3 1 5 7 3 2 4 6 0
9 4 5 0 5 7 3 2 4 6 1
12 7 5 0 7 3 1 2 4 6 5
12 7 5 5 7 0 1 2 4 6 3
21 17 4 7 0 5 3 2 4 6 1
21 17 4 1 0 7 3 2 4 6 5
22 18 4 1 0 5 3 7 4 6 2
22 18 4 1 7 5 0 3 4 6 2
22 18 4 1 0 5 2 7 4 6 3
21 17 4 1 7 5 0 2 4 3 6
22 18 4 3 7 5 0 2 4 6 1
19 15 4 7 0 5 1 2 4 6 3
18 14 4 1 7 5 3 2 4 0 6
20 16 4 0 7 5 3 2 4 6 1
20 16 4 1 7 0 3 2 4 6 5
19 15 4 1 7 5 3 0 4 6 2
20 17 3 1 7 5 2 3 4 6 0
19 15 4 1 7 5 2 0 4 6 3
19 16 3 1 7 5 6 2 4 3 0
19 15 4 1 7 5 6 2 4 0 3
20 17 3 3 7 5 1 2 4 6 0
18 14 4 0 7 5 1 2 4 6 3
16 12 4 1 0 7 5 2 4 6 3
13 9 4 1 7 3 0 2 4 6 5
15 13 2 1 7 5 3 2 4 6 0
15 12 3 1 7 5 0 2 4 6 3
15 11 4 1 7 0 5 2 4 6 3
11 8 3 1 7 3 5 2 4 6 0
10 5 5 0 7 3 5 2 4 6 1
8 3 5 5 0 7 3 2 4 6 1
8 4 4 5 7 3 1 2 4 6 0
8 3 5 5 7 3 0 2 4 6 1
7 2 5 5 7 0 3 2 4 6 1
7 1 6 5 7 6 3 2 4 0 1
9 3 6 0 7 6 3 2 4 1 5
9 3 6 5 7 0 3 2 4 1 6
5 0 5 5 7 6 3 2 4 1 0
