15 14 1 1 3 5 0 2 4 6 7
15 14 1 1 3 6 0 2 4 7 5
15 14 1 1 3 7 0 2 4 5 6
17 16 1 1 3 0 6 2 4 5 7
12 11 1 1 3 6 0 2 4 5 7
14 13 1 1 3 0 7 2 4 5 6
12 11 1 1 3 7 5 2 4 0 6
14 13 1 1 3 0 5 2 4 6 7
14 13 1 1 3 0 6 2 4 7 5
14 13 1 1 3 7 6 2 4 5 0
11 10 1 1 3 6 7 2 4 5 0
11 10 1 1 3 7 5 2 4 6 0
13 12 1 1 3 7 6 2 4 0 5
10 9 1 1 3 6 7 2 4 0 5
10 9 1 1 3 7 0 2 4 6 5
9 8 1 1 3 0 7 2 4 6 5
9 7 2 1 0 3 7 2 4 6 5
5 3 2 5 1 3 7 0 2 4 6
7 5 2 6 1 3 7 5 2 4 0
7 5 2 2 1 3 7 5 0 4 6
6 4 2 7 1 3 0 5 2 4 6
5 3 2 1 3 4 7 5 2 0 6
5 3 2 1 3 7 0 5 2 4 6
5 3 2 2 0 3 7 1 5 4 6
7 5 2 6 2 3 7 1 5 4 0
7 5 2 5 2 3 7 1 0 4 6
6 4 2 7 2 3 0 1 5 4 6
7 5 2 1 2 3 6 7 5 4 0
7 5 2 1 2 0 3 7 5 4 6
9 7 2 1 2 3 4 7 5 0 6
8 6 2 0 2 3 1 7 5 4 6
7 5 2 1 5 3 7 2 0 4 6
7 5 2 0 1 3 7 2 5 4 6
7 5 2 1 3 0 7 2 5 4 6
6 4 2 1 2 3 0 6 5 4 7
6 4 2 1 2 3 7 6 5 0 4
8 6 2 0 2 3 7 6 5 4 1
8 6 2 1 2 0 7 6 5 4 3
5 3 2 1 0 2 7 5 4 3 6
5 3 2 1 2 7 0 5 4 3 6
5 3 2 1 2 3 0 5 4 6 7
7 5 2 0 2 3 7 5 4 6 1
7 5 2 1 2 0 7 5 4 6 3
6 4 2 1 2 3 7 0 4 6 5
4 2 2 0 1 3 7 5 2 4 6
4 2 2 1 3 0 7 5 2 4 6
4 2 2 0 2 3 7 1 5 4 6
6 4 2 1 2 3 0 7 5 4 6
6 4 2 1 0 3 7 2 5 4 6
5 3 2 1 2 3 7 6 5 4 0
4 2 2 1 2 0 7 5 4 3 6
4 2 2 1 2 3 7 5 4 6 0
3 1 2 1 0 3 7 5 2 4 6
3 1 2 1 2 3 7 0 5 4 6
3 1 2 1 2 3 7 5 4 0 6
2 0 2 1 2 3 7 5 0 4 6
