27 25 2 1 3 5 0 2 4 6 7
26 23 3 0 3 5 1 2 4 6 7
22 20 2 7 3 5 1 2 4 6 0
23 19 4 7 3 5 1 2 4 0 6
23 19 4 6 3 0 7 2 4 5 1
23 19 4 6 3 5 7 2 0 4 1
22 18 4 6 3 5 0 2 4 1 7
24 20 4 6 3 0 7 2 4 1 5
23 19 4 6 3 5 7 0 4 1 2
20 17 3 2 3 5 7 6 4 1 0
19 15 4 2 3 5 7 0 4 1 6
21 17 4 4 3 5 7 2 0 1 6
20 17 3 7 3 5 6 2 4 1 0
20 16 4 7 3 5 0 2 4 1 6
21 18 3 6 3 5 7 2 4 0 1
19 17 2 6 3 5 7 2 4 1 0
17 14 3 0 3 5 7 2 4 1 6
17 13 4 3 0 5 7 2 4 1 6
17 12 5 3 5 0 7 2 4 1 6
12 8 4 5 6 1 7 2 4 3 0
12 7 5 5 6 1 7 2 4 0 3
13 9 4 3 5 6 7 2 4 1 0
11 6 5 0 5 6 7 2 4 1 3
11 6 5 5 6 0 7 2 4 1 3
10 5 5 5 0 6 7 2 4 1 3
10 4 6 5 4 6 7 2 0 1 3
9 4 5 3 4 6 7 2 5 1 0
7 1 6 0 4 6 7 2 5 1 3
8 2 6 2 4 6 7 3 5 1 0
7 0 7 2 4 6 7 0 5 1 3
