32 30 2 1 3 5 7 0 4 6 2
30 27 3 1 3 5 0 7 4 6 2
30 26 4 1 3 0 5 7 4 6 2
29 25 4 1 3 2 5 0 4 6 7
32 28 4 1 3 2 0 5 4 6 7
32 28 4 1 3 2 7 5 4 0 6
34 30 4 0 3 2 7 5 4 6 1
32 29 3 5 3 2 7 1 4 6 0
30 26 4 0 3 2 7 1 4 6 5
30 26 4 1 3 2 7 4 0 6 5
32 28 4 1 0 2 7 3 4 6 5
33 30 3 1 3 0 7 5 4 6 2
26 23 3 1 3 2 5 7 4 6 0
29 27 2 1 3 2 7 5 4 6 0
28 25 3 1 3 2 7 0 4 6 5
26 22 4 1 3 2 0 7 4 6 5
25 21 4 1 3 0 2 7 4 6 5
25 20 5 1 0 3 2 7 4 6 5
21 16 5 1 0 3 2 5 7 4 6
19 14 5 1 7 3 6 5 0 4 2
21 16 5 1 7 3 0 5 4 6 2
23 18 5 1 7 0 2 5 4 6 3
34 30 4 7 0 5 3 2 4 6 1
35 31 4 1 0 5 3 7 4 6 2
35 31 4 1 7 5 0 3 4 6 2
35 31 4 1 0 5 2 7 4 6 3
34 30 4 1 7 5 0 2 4 3 6
35 31 4 3 7 5 0 2 4 6 1
32 28 4 7 0 5 1 2 4 6 3
31 27 4 1 7 5 3 2 4 0 6
33 29 4 0 7 5 3 2 4 6 1
32 28 4 1 7 5 3 0 4 6 2
33 30 3 1 7 5 2 3 4 6 0
32 28 4 1 7 5 2 0 4 6 3
32 29 3 1 7 5 6 2 4 3 0
32 28 4 1 7 5 6 2 4 0 3
33 30 3 3 7 5 1 2 4 6 0
31 27 4 0 7 5 1 2 4 6 3
29 25 4 1 0 7 5 2 4 6 3
26 22 4 1 0 7 3 2 4 6 5
28 26 2 1 7 5 3 2 4 6 0
28 25 3 1 7 5 0 2 4 6 3
28 24 4 1 7 0 5 2 4 6 3
25 21 4 1 7 0 3 2 4 6 5
24 21 3 1 7 3 5 2 4 6 0
24 20 4 1 7 3 0 2 4 6 5
22 17 5 1 7 3 2 0 4 6 5
20 15 5 1 7 3 2 5 0 4 6
18 13 5 1 7 3 6 5 4 0 2
19 15 4 1 7 3 2 5 4 6 0
19 14 5 1 7 3 2 5 4 0 6
16 12 4 1 7 3 6 5 4 2 0
16 11 5 1 7 3 0 5 4 2 6
15 9 6 0 7 3 1 5 4 2 6
12 6 6 6 7 3 1 5 0 4 2
14 8 6 2 7 3 0 5 4 1 6
14 8 6 2 7 3 6 5 4 0 1
11 5 6 7 0 3 6 5 4 1 2
13 7 6 4 7 3 6 5 0 1 2
10 4 6 6 7 3 2 5 4 0 1
12 6 6 0 7 3 2 5 4 1 6
11 6 5 6 7 3 1 5 4 2 0
11 5 6 6 7 3 1 5 4 0 2
12 7 5 2 7 3 6 5 4 1 0
10 4 6 0 7 3 6 5 4 1 2
8 3 5 6 7 3 2 5 4 1 0
8 2 6 6 7 3 0 5 4 1 2
8 1 7 6 7 0 3 5 4 1 2
8 1 7 6 7 1 3 5 0 4 2
7 1 6 6 7 1 3 5 4 2 0
7 0 7 6 7 1 3 5 4 0 2
