29 27 2 1 3 5 0 2 4 6 7
29 26 3 1 3 0 5 2 4 6 7
25 23 2 1 3 7 5 2 4 6 0
25 21 4 1 3 7 5 0 4 6 2
22 19 3 1 3 6 7 5 4 2 0
22 18 4 1 3 6 7 5 4 0 2
22 19 3 1 3 7 2 5 4 6 0
22 18 4 1 3 7 0 5 4 6 2
20 17 3 1 3 0 7 5 4 6 2
20 16 4 1 0 3 7 5 4 6 2
20 15 5 1 4 3 7 5 0 6 2
16 11 5 4 6 3 1 5 0 7 2
16 11 5 4 3 0 1 5 6 7 2
18 13 5 2 4 3 1 5 6 0 7
20 15 5 2 4 0 1 5 6 7 3
19 14 5 2 4 3 1 0 6 7 5
17 12 5 6 4 3 1 5 0 7 2
16 12 4 5 4 3 2 1 6 7 0
16 11 5 5 4 3 0 1 6 7 2
16 11 5 5 0 3 1 4 6 7 2
12 7 5 5 4 3 0 2 6 7 1
14 9 5 0 4 3 1 2 6 7 5
20 16 4 4 0 3 2 5 6 7 1
20 16 4 1 0 4 2 5 6 7 3
20 17 3 1 4 2 3 5 6 7 0
20 16 4 1 4 2 0 5 6 7 3
21 17 4 1 0 3 2 4 6 7 5
17 13 4 1 0 4 3 5 6 7 2
21 17 4 1 4 3 0 2 6 7 5
21 17 4 1 0 3 5 4 6 7 2
20 16 4 1 4 3 0 5 6 2 7
17 13 4 2 4 3 0 5 6 7 1
17 13 4 1 4 3 2 5 6 0 7
19 15 4 0 4 3 2 5 6 7 1
19 15 4 1 4 0 2 5 6 7 3
18 14 4 1 4 3 2 0 6 7 5
16 12 4 1 4 0 3 5 6 7 2
19 16 3 1 4 3 5 2 6 7 0
18 14 4 1 4 3 5 0 6 7 2
18 15 3 1 4 3 7 5 6 2 0
18 14 4 1 4 3 7 5 6 0 2
14 10 4 4 0 3 1 5 6 7 2
15 12 3 2 4 3 1 5 6 7 0
14 12 2 1 4 3 2 5 6 7 0
14 11 3 1 4 3 0 5 6 7 2
13 9 4 0 4 3 1 5 6 7 2
13 8 5 5 4 3 1 0 6 7 2
10 6 4 5 4 3 1 2 6 7 0
11 5 6 5 4 3 1 2 6 0 7
12 7 5 7 4 3 5 2 6 1 0
10 4 6 0 4 3 5 2 6 1 7
8 3 5 5 4 3 7 2 6 1 0
8 2 6 5 4 3 0 2 6 1 7
8 1 7 5 4 0 3 2 6 1 7
7 0 7 5 0 4 3 2 6 1 7
