34 32 2 0 3 5 7 2 4 6 1
35 33 2 2 3 5 7 1 4 6 0
34 31 3 2 3 5 7 0 4 6 1
34 30 4 2 3 5 7 4 0 6 1
32 29 3 4 3 5 7 2 0 6 1
32 28 4 4 3 5 7 0 2 6 1
30 26 4 2 3 5 7 1 0 6 4
32 28 4 1 3 5 4 0 2 6 7
30 26 4 1 2 5 7 3 0 6 4
29 26 3 1 3 5 4 2 0 6 7
29 26 3 1 3 5 4 2 6 7 0
29 25 4 1 3 5 4 2 6 0 7
35 32 3 0 3 5 7 2 4 1 6
31 29 2 6 3 5 7 2 4 1 0
31 28 3 6 3 5 7 2 4 0 1
31 27 4 6 3 5 7 2 0 4 1
31 28 3 1 3 5 7 0 4 2 6
28 26 2 1 3 5 7 6 4 2 0
28 25 3 1 3 5 7 6 4 0 2
28 24 4 1 3 5 7 6 0 4 2
29 26 3 4 1 5 7 2 3 6 0
27 23 4 0 1 5 7 2 3 6 4
27 23 4 1 5 0 7 2 3 6 4
29 25 4 1 3 5 0 4 2 6 7
29 25 4 1 3 5 7 4 2 0 6
31 27 4 0 3 5 7 4 2 6 1
31 27 4 1 3 0 7 4 2 6 5
29 26 3 4 3 5 7 1 2 6 0
27 23 4 0 3 5 7 1 2 6 4
29 26 3 1 3 5 4 7 2 6 0
29 25 4 1 3 5 0 7 2 6 4
29 25 4 1 0 5 7 3 2 6 4
26 22 4 1 3 5 0 2 6 4 7
28 24 4 0 3 5 7 2 6 4 1
27 23 4 1 3 5 7 0 6 4 2
20 16 4 1 4 0 7 2 3 6 5
25 22 3 1 0 5 7 2 3 6 4
26 24 2 1 3 5 7 4 2 6 0
25 22 3 1 3 5 7 0 2 6 4
23 21 2 1 3 5 7 2 0 6 4
23 21 2 1 3 5 7 2 6 4 0
23 20 3 1 3 5 7 2 6 0 4
23 19 4 1 3 0 7 2 6 5 4
20 16 4 1 3 0 7 2 6 4 5
19 15 4 1 0 4 7 2 3 6 5
19 16 3 1 3 4 7 2 6 5 0
19 15 4 1 3 4 7 2 6 0 5
18 14 4 1 3 0 7 5 2 6 4
17 14 3 1 3 4 7 2 0 6 5
17 13 4 1 3 4 7 0 2 6 5
14 11 3 1 3 4 7 5 2 6 0
15 10 5 1 3 4 7 5 2 0 6
13 8 5 1 3 0 7 6 5 4 2
13 8 5 1 3 4 7 6 0 5 2
15 11 4 1 3 2 7 6 5 4 0
15 10 5 1 3 2 7 6 5 0 4
14 9 5 1 3 4 7 5 0 2 6
12 7 5 1 3 4 7 6 5 0 2
14 9 5 1 3 0 7 6 5 2 4
13 8 5 1 3 4 7 0 5 2 6
10 6 4 1 3 4 7 6 5 2 0
9 3 6 0 3 4 7 6 5 2 1
9 2 7 3 0 4 7 6 5 2 1
8 1 7 3 4 7 1 6 5 2 0
8 1 7 3 4 0 7 6 5 2 1
8 0 8 3 4 7 0 6 5 2 1
