37 35 2 1 3 5 7 0 4 6 2
39 37 2 2 3 5 7 1 4 6 0
37 34 3 0 3 5 7 1 4 6 2
37 33 4 3 0 5 7 1 4 6 2
35 32 3 1 0 5 7 3 4 6 2
35 31 4 0 1 5 7 3 4 6 2
33 29 4 2 0 5 7 1 4 6 3
33 29 4 4 0 5 7 2 1 6 3
35 31 4 0 1 5 3 2 4 6 7
26 23 3 1 0 5 3 2 4 6 7
26 22 4 1 5 0 3 2 4 6 7
28 25 3 5 3 0 7 2 4 6 1
28 24 4 5 0 3 7 2 4 6 1
29 26 3 1 3 0 7 5 4 6 2
29 25 4 1 0 3 7 5 4 6 2
25 21 4 1 4 5 0 2 3 6 7
27 23 4 0 4 5 7 2 3 6 1
27 23 4 1 4 0 7 2 3 6 5
26 22 4 1 4 5 7 0 3 6 2
31 28 3 1 4 5 7 3 2 6 0
30 26 4 1 4 5 7 0 2 6 3
30 27 3 1 4 5 7 2 6 3 0
30 26 4 1 4 5 7 2 6 0 3
33 29 4 3 1 5 0 2 4 6 7
33 29 4 3 1 5 7 2 4 0 6
35 31 4 3 1 0 7 2 4 6 5
34 30 4 3 1 5 7 0 4 6 2
31 28 3 2 1 5 7 3 4 6 0
30 26 4 2 1 5 7 0 4 6 3
32 28 4 4 1 5 7 2 0 6 3
31 28 3 7 1 5 3 2 4 6 0
31 27 4 7 1 5 0 2 4 6 3
28 25 3 1 5 6 7 2 4 3 0
28 24 4 1 5 6 7 2 4 0 3
28 25 3 1 5 7 3 2 4 6 0
28 24 4 1 5 7 0 2 4 6 3
25 21 4 1 5 3 0 2 4 6 7
27 23 4 0 5 3 7 2 4 6 1
26 22 4 1 5 3 7 0 4 6 2
22 20 2 1 4 5 7 2 3 6 0
23 19 4 1 4 5 7 2 3 0 6
28 25 3 1 4 5 7 2 0 6 3
30 28 2 3 1 5 7 2 4 6 0
28 25 3 0 1 5 7 2 4 6 3
26 24 2 1 0 5 7 2 4 6 3
26 23 3 1 5 0 7 2 4 6 3
22 20 2 1 5 3 7 2 4 6 0
23 19 4 1 5 3 7 2 4 0 6
22 18 4 1 4 5 7 2 0 3 6
22 18 4 1 5 0 7 2 4 3 6
18 14 4 6 1 5 7 2 4 0 3
20 17 3 1 0 5 7 2 4 3 6
20 16 4 0 1 5 7 2 4 3 6
16 13 3 6 1 5 7 2 4 3 0
16 11 5 6 1 5 7 0 4 3 2
16 12 4 1 5 3 7 6 4 2 0
16 11 5 1 5 3 7 6 4 0 2
13 8 5 1 0 5 7 4 6 3 2
13 9 4 1 6 5 7 4 3 2 0
13 8 5 1 6 5 7 4 3 0 2
16 11 5 1 6 5 2 7 4 0 3
17 13 4 1 6 5 3 7 4 2 0
17 12 5 1 6 5 3 7 4 0 2
18 13 5 2 0 5 7 6 4 3 1
20 15 5 1 6 0 5 2 4 7 3
23 19 4 1 6 5 2 3 4 7 0
22 17 5 1 6 5 2 0 4 7 3
23 19 4 3 6 5 1 2 4 7 0
21 16 5 0 6 5 1 2 4 7 3
17 12 5 1 4 6 7 2 0 5 3
19 15 4 3 1 6 7 2 4 5 0
17 12 5 0 1 6 7 2 4 5 3
19 15 4 3 1 5 7 2 6 4 0
17 12 5 0 1 5 7 2 6 4 3
17 12 5 1 5 0 7 2 6 4 3
21 16 5 0 6 5 3 2 4 7 1
21 16 5 1 6 0 3 2 4 7 5
20 15 5 1 6 5 3 0 4 7 2
18 13 5 1 6 0 3 2 4 5 7
18 13 5 1 6 5 3 2 0 4 7
18 13 5 6 4 5 7 2 0 3 1
18 13 5 6 5 0 7 2 4 3 1
19 14 5 1 6 3 0 2 4 5 7
21 16 5 0 6 3 7 2 4 5 1
20 15 5 1 6 3 7 0 4 5 2
18 13 5 1 6 3 7 2 0 4 5
18 13 5 1 4 6 7 2 0 3 5
20 16 4 5 1 6 7 2 4 3 0
18 13 5 0 1 6 7 2 4 3 5
16 12 4 1 6 7 3 2 4 5 0
16 11 5 1 6 7 0 2 4 5 3
17 13 4 1 6 5 7 3 2 4 0
16 11 5 1 6 5 7 0 2 4 3
15 10 5 1 6 0 5 2 4 3 7
17 12 5 1 6 5 2 0 4 3 7
16 11 5 0 6 5 1 2 4 3 7
19 14 5 4 6 5 7 2 0 3 1
18 14 4 7 6 5 1 2 4 3 0
18 13 5 7 6 5 0 2 4 3 1
17 13 4 1 6 7 5 2 4 3 0
17 12 5 1 6 7 0 2 4 3 5
15 10 5 1 4 5 7 6 0 3 2
17 13 4 2 1 5 7 6 4 3 0
15 10 5 0 1 5 7 6 4 3 2
15 10 5 1 5 0 7 6 4 3 2
12 7 5 1 6 5 7 4 0 3 2
14 10 4 1 6 5 2 7 4 3 0
14 9 5 1 6 5 0 7 4 3 2
14 9 5 2 6 5 7 1 4 0 3
15 10 5 2 6 5 7 0 4 3 1
18 14 4 1 6 5 0 2 4 7 3
15 11 4 1 0 6 7 2 4 5 3
15 11 4 1 0 5 7 2 6 4 3
16 13 3 1 6 5 3 2 4 7 0
16 12 4 1 6 5 3 2 4 0 7
16 12 4 6 0 5 7 2 4 3 1
16 13 3 1 6 3 7 2 4 5 0
16 12 4 1 6 3 7 2 4 0 5
16 12 4 1 0 6 7 2 4 3 5
14 10 4 1 6 0 7 2 4 5 3
14 10 4 1 6 5 7 2 0 4 3
13 9 4 1 6 5 0 2 4 3 7
15 11 4 0 6 5 7 2 4 3 1
15 11 4 1 6 0 7 2 4 3 5
13 9 4 1 0 5 7 6 4 3 2
12 9 3 1 6 5 7 2 4 0 3
10 8 2 1 6 5 7 2 4 3 0
10 6 4 1 6 5 7 0 4 3 2
12 8 4 2 6 5 7 1 4 3 0
10 5 5 0 6 5 7 1 4 3 2
9 4 5 6 0 5 7 1 4 3 2
9 3 6 6 5 0 7 1 4 3 2
8 2 6 6 5 2 7 0 4 3 1
5 0 5 6 5 2 7 1 4 3 0
