23 21 2 1 2 3 4 0 6 7 5
21 18 3 1 2 3 0 4 6 7 5
21 17 4 1 2 0 3 4 6 7 5
20 16 4 1 2 5 3 0 6 7 4
18 14 4 1 2 0 5 4 6 7 3
18 14 4 1 5 0 4 2 6 7 3
20 17 3 1 2 7 4 3 6 5 0
20 16 4 1 2 7 4 3 6 0 5
20 16 4 1 0 2 4 3 6 7 5
20 17 3 1 2 4 5 3 6 7 0
20 16 4 1 2 4 0 3 6 7 5
17 13 4 1 2 5 0 3 6 7 4
17 13 4 1 2 5 4 3 6 0 7
19 15 4 0 2 5 4 3 6 7 1
17 14 3 3 2 5 4 1 6 7 0
15 11 4 0 2 5 4 1 6 7 3
17 14 3 1 2 5 3 4 6 7 0
17 13 4 1 2 5 0 4 6 7 3
17 13 4 1 0 5 4 2 6 7 3
18 15 3 1 2 0 4 3 6 7 5
14 12 2 1 2 5 4 3 6 7 0
13 10 3 1 2 5 4 0 6 7 3
13 9 4 1 2 5 4 6 0 7 3
11 6 5 0 2 5 4 6 1 7 3
11 6 5 3 2 0 4 6 1 7 5
10 5 5 3 2 5 4 0 1 7 6
7 3 4 3 2 5 4 6 1 7 0
8 2 6 3 2 5 4 6 1 0 7
7 1 6 3 2 4 7 6 1 5 0
7 1 6 3 2 0 4 6 1 5 7
7 0 7 3 2 4 0 6 1 5 7
