9 7 2 1 3 5 7 0 4 6 2
9 6 3 1 3 5 7 4 0 6 2
9 6 3 1 3 5 7 4 6 2 0
9 5 4 1 3 5 7 4 6 0 2
9 5 4 1 0 3 2 4 6 7 5
9 5 4 1 3 7 2 0 4 6 5
9 4 5 1 0 3 2 6 5 7 4
9 4 5 1 3 0 7 4 6 5 2
9 4 5 1 3 0 2 4 6 7 5
9 4 5 1 3 7 2 4 0 6 5
9 3 6 1 3 0 2 6 5 7 4
9 2 7 3 0 7 2 1 6 5 4
9 2 7 1 0 7 2 6 3 5 4
9 3 6 1 3 7 0 4 6 5 2
9 3 6 1 3 7 2 4 6 0 5
9 3 6 1 0 7 2 3 6 5 4
8 6 2 1 3 5 7 2 0 6 4
8 6 2 1 3 5 7 2 6 4 0
8 5 3 1 3 5 7 2 6 0 4
8 3 5 1 3 7 2 6 5 4 0
8 4 4 1 3 7 4 2 6 5 0
8 4 4 1 3 0 7 2 6 5 4
8 2 6 1 3 7 2 6 5 0 4
8 1 7 0 3 7 2 1 6 5 4
8 3 5 1 3 7 0 2 6 5 4
7 1 6 1 3 7 2 6 0 5 4
7 2 5 1 3 7 2 4 6 5 0
6 0 6 1 3 7 2 0 6 5 4
