19 17 2 0 3 5 7 2 4 6 1
20 18 2 2 3 5 7 1 4 6 0
19 16 3 2 3 5 7 0 4 6 1
19 15 4 2 3 5 7 4 0 6 1
17 14 3 4 3 5 7 2 0 6 1
17 13 4 4 3 5 7 0 2 6 1
15 11 4 2 3 5 7 1 0 6 4
17 13 4 1 3 5 4 0 2 6 7
15 11 4 1 2 5 7 3 0 6 4
14 11 3 1 3 5 4 2 0 6 7
14 11 3 1 3 5 4 2 6 7 0
14 10 4 1 3 5 4 2 6 0 7
20 17 3 0 3 5 7 2 4 1 6
16 14 2 6 3 5 7 2 4 1 0
16 13 3 6 3 5 7 2 4 0 1
16 12 4 6 3 5 7 2 0 4 1
14 11 3 1 3 4 7 2 0 6 5
14 11 3 1 3 4 7 2 6 5 0
14 10 4 1 3 4 7 2 6 0 5
16 13 3 1 3 5 7 0 4 2 6
13 11 2 1 3 5 7 6 4 2 0
13 10 3 1 3 5 7 6 4 0 2
13 9 4 1 3 5 7 6 0 4 2
14 11 3 4 1 5 7 2 3 6 0
12 8 4 0 1 5 7 2 3 6 4
12 8 4 1 5 0 7 2 3 6 4
14 10 4 1 3 5 0 4 2 6 7
14 10 4 1 3 5 7 4 2 0 6
16 12 4 0 3 5 7 4 2 6 1
16 12 4 1 3 0 7 4 2 6 5
14 11 3 4 3 5 7 1 2 6 0
12 8 4 0 3 5 7 1 2 6 4
14 11 3 1 3 5 4 7 2 6 0
14 10 4 1 3 5 0 7 2 6 4
14 10 4 1 0 5 7 3 2 6 4
11 7 4 1 3 5 0 2 6 4 7
13 9 4 0 3 5 7 2 6 4 1
13 9 4 1 3 0 7 2 6 4 5
12 8 4 1 3 5 7 0 6 4 2
8 4 4 1 3 7 4 2 6 5 0
10 7 3 1 0 5 7 2 3 6 4
11 9 2 1 3 5 7 4 2 6 0
10 7 3 1 3 5 7 0 2 6 4
8 6 2 1 3 5 7 2 0 6 4
8 6 2 1 3 5 7 2 6 4 0
8 5 3 1 3 5 7 2 6 0 4
8 4 4 1 3 0 7 2 6 5 4
8 3 5 1 3 7 0 2 6 5 4
7 2 5 1 3 7 2 4 6 5 0
6 0 6 1 3 7 2 0 6 5 4
