9 8 1 1 2 3 4 0 5 6 7
9 8 1 1 2 3 4 5 6 0 7
8 7 1 1 2 3 4 5 0 6 7
10 6 4 1 0 3 4 5 2 6 7
10 6 4 1 3 4 0 5 2 6 7
9 5 4 1 3 0 4 5 2 6 7
11 4 7 1 3 6 4 5 2 0 7
11 6 5 1 3 0 4 5 2 7 6
11 6 5 1 2 0 3 6 5 7 4
11 5 6 2 1 3 6 0 5 7 4
11 5 6 2 1 3 6 5 7 0 4
11 8 3 5 1 3 7 0 2 4 6
11 7 4 1 2 3 5 0 7 4 6
11 6 5 1 3 4 7 5 2 0 6
11 7 4 1 3 7 4 5 2 0 6
11 5 6 1 3 6 5 0 2 7 4
10 7 3 1 0 3 7 5 2 6 4
10 7 3 1 3 7 0 5 2 6 4
9 6 3 1 3 0 7 5 2 6 4
11 5 6 1 3 6 7 5 2 0 4
11 7 4 0 2 3 1 4 5 7 6
11 3 8 0 2 3 6 1 5 7 4
11 3 8 1 2 0 6 5 7 3 4
11 3 8 6 1 3 0 5 2 7 4
10 8 2 1 2 3 4 6 0 5 7
10 7 3 1 2 4 3 5 0 7 6
10 7 3 1 2 4 3 5 7 6 0
10 6 4 1 0 2 3 5 7 4 6
10 8 2 1 2 3 4 5 0 7 6
10 8 2 1 2 3 4 5 7 6 0
10 8 2 0 1 2 3 4 5 7 6
10 7 3 1 2 3 6 0 4 5 7
10 8 2 1 3 7 5 2 0 4 6
10 3 7 5 1 3 6 2 0 7 4
10 6 4 0 3 7 1 5 2 4 6
10 5 5 1 2 3 6 0 7 4 5
10 3 7 1 3 6 4 5 2 7 0
10 8 2 1 2 3 4 0 5 7 6
9 7 2 1 2 3 4 6 5 0 7
8 6 2 1 2 3 4 6 5 7 0
10 5 5 1 2 3 0 6 5 7 4
10 4 6 2 1 3 6 5 0 7 4
9 6 3 1 2 4 3 5 7 0 6
9 7 2 0 1 3 7 5 2 4 6
9 5 4 1 2 0 3 5 7 4 6
9 7 2 1 2 3 4 5 7 0 6
9 7 2 1 0 2 3 4 5 7 6
9 6 3 1 2 3 6 4 0 5 7
9 4 5 1 3 7 6 0 5 2 4
9 7 2 1 3 7 5 0 2 4 6
9 2 7 5 1 3 6 0 2 7 4
8 6 2 1 0 3 7 5 2 4 6
8 4 4 1 2 3 0 5 7 4 6
8 6 2 1 2 0 3 4 5 7 6
8 5 3 1 2 3 6 4 5 0 7
8 3 5 1 3 7 6 5 0 2 4
7 5 2 1 3 0 7 5 2 4 6
6 4 2 1 3 7 0 5 2 4 6
8 3 5 1 3 7 6 5 2 4 0
8 3 5 1 2 3 6 5 7 4 0
8 2 6 1 3 6 0 5 2 7 4
7 5 2 1 2 3 0 4 5 7 6
7 4 3 1 2 3 6 4 5 7 0
7 2 5 1 3 7 6 5 2 0 4
7 2 5 1 2 3 6 0 5 7 4
7 2 5 1 2 3 6 5 7 0 4
7 1 6 0 1 3 6 5 2 7 4
7 1 6 1 3 0 6 5 2 7 4
6 1 5 1 2 3 6 5 0 7 4
6 0 6 1 0 3 6 5 2 7 4
