27 24 3 1 2 3 4 0 6 7 5
22 19 3 1 2 5 3 4 0 6 7
22 19 3 1 2 5 3 4 6 7 0
9 6 3 1 2 3 6 4 0 5 7
30 27 3 1 4 2 3 5 0 6 7
24 21 3 1 2 3 0 4 6 7 5
21 18 3 1 2 5 3 4 6 0 7
8 5 3 1 2 3 6 4 5 0 7
29 27 2 0 1 2 3 5 4 6 7
28 26 2 1 0 2 3 5 4 6 7
27 25 2 1 2 0 3 5 4 6 7
26 24 2 1 2 3 0 5 4 6 7
21 19 2 0 1 2 3 4 6 5 7
23 21 2 1 2 3 5 0 4 6 7
20 18 2 1 0 2 3 4 6 5 7
22 20 2 1 2 3 5 4 0 6 7
22 20 2 1 2 3 5 4 6 7 0
19 17 2 1 2 0 3 4 6 5 7
21 19 2 1 2 3 5 4 6 0 7
18 16 2 1 2 3 0 4 6 5 7
15 13 2 1 2 3 4 0 6 5 7
13 11 2 1 2 3 4 5 7 6 0
14 12 2 1 2 3 4 6 0 5 7
10 8 2 0 1 2 3 4 5 7 6
12 10 2 1 2 3 4 5 7 0 6
13 11 2 1 2 3 4 6 5 0 7
9 7 2 1 0 2 3 4 5 7 6
11 9 2 1 2 3 4 5 0 7 6
12 10 2 1 2 3 4 6 5 7 0
8 6 2 1 2 0 3 4 5 7 6
10 8 2 1 2 3 4 0 5 7 6
7 5 2 1 2 3 0 4 5 7 6
7 4 3 1 2 3 6 4 5 7 0
7 2 5 1 2 3 6 0 5 7 4
7 2 5 1 2 3 6 5 7 0 4
6 1 5 1 2 3 6 5 0 7 4
6 0 6 1 0 3 6 5 2 7 4
