31 29 2 1 3 5 7 2 4 0 6
29 26 3 1 3 5 0 2 4 7 6
27 25 2 1 3 5 6 2 4 7 0
27 24 3 1 3 5 6 2 4 0 7
27 23 4 1 3 5 6 2 0 4 7
25 20 5 0 3 5 6 2 1 4 7
22 17 5 6 3 5 4 2 0 7 1
24 19 5 6 3 5 0 2 7 4 1
23 18 5 6 3 5 1 2 0 7 4
28 23 5 1 0 5 4 2 3 7 6
29 25 4 1 3 5 4 6 2 7 0
28 23 5 1 3 5 4 0 2 7 6
32 27 5 7 0 5 4 2 3 6 1
33 29 4 7 3 5 4 1 2 6 0
32 27 5 7 3 5 4 0 2 6 1
32 28 4 7 3 5 4 2 6 1 0
32 27 5 7 3 5 4 2 6 0 1
31 26 5 1 3 4 5 2 7 0 6
33 28 5 0 3 4 5 2 7 6 1
32 27 5 1 3 4 5 0 7 6 2
33 29 4 1 3 4 2 5 7 6 0
32 27 5 1 3 4 2 0 7 6 5
32 28 4 1 3 4 6 2 7 5 0
32 27 5 1 3 4 6 2 7 0 5
33 29 4 5 3 4 1 2 7 6 0
31 26 5 0 3 4 1 2 7 6 5
29 24 5 1 0 5 4 7 3 6 2
29 25 4 1 3 5 4 7 6 2 0
29 24 5 1 3 5 4 7 6 0 2
31 26 5 1 3 0 5 4 7 6 2
33 29 4 1 3 5 6 4 7 2 0
33 28 5 1 3 5 6 4 7 0 2
32 27 5 0 3 5 1 4 7 6 2
29 24 5 1 0 5 2 7 3 6 4
29 25 4 1 3 5 2 7 6 4 0
29 24 5 1 3 5 2 7 6 0 4
30 25 5 1 3 0 5 2 7 4 6
33 29 4 1 3 5 2 6 7 4 0
32 27 5 1 3 5 2 0 7 4 6
31 26 5 0 3 5 1 2 7 4 6
29 24 5 1 0 5 6 2 3 7 4
30 26 4 1 3 5 6 4 2 7 0
29 24 5 1 3 5 6 0 2 7 4
27 22 5 1 3 0 4 2 7 5 6
29 24 5 2 3 5 4 0 7 6 1
29 24 5 3 0 5 4 2 7 6 1
29 25 4 1 3 6 4 2 7 5 0
29 24 5 1 3 6 4 2 7 0 5
29 24 5 1 0 3 4 2 7 6 5
30 26 4 2 3 5 4 1 7 6 0
28 23 5 0 3 5 4 1 7 6 2
30 25 5 1 0 5 4 3 7 6 2
26 22 4 1 3 6 5 2 7 4 0
26 21 5 1 3 6 5 2 7 0 4
26 21 5 1 0 3 5 2 7 6 4
30 25 5 1 3 5 2 4 7 0 6
32 27 5 0 3 5 2 4 7 6 1
32 27 5 1 3 0 2 4 7 6 5
28 23 5 0 3 5 2 1 7 6 4
30 25 5 1 0 5 2 3 7 6 4
31 26 5 0 3 5 6 2 7 4 1
31 26 5 1 3 0 6 2 7 4 5
30 25 5 1 3 5 6 0 7 4 2
28 23 5 1 3 0 6 2 7 5 4
26 21 5 7 0 5 1 2 3 6 4
27 23 4 7 3 5 1 4 2 6 0
26 21 5 7 3 5 1 0 2 6 4
26 22 4 7 3 5 1 2 6 4 0
26 21 5 7 3 5 1 2 6 0 4
21 16 5 4 3 0 5 2 7 6 1
24 20 4 4 3 5 2 1 7 6 0
23 18 5 4 3 5 2 0 7 6 1
24 20 4 2 3 5 1 4 7 6 0
23 18 5 2 3 5 1 0 7 6 4
23 18 5 3 0 5 1 2 7 6 4
22 17 5 4 3 0 1 2 7 6 5
21 16 5 4 3 5 1 0 7 6 2
19 14 5 4 3 5 1 2 0 7 6
20 15 5 7 3 5 4 2 0 1 6
21 17 4 7 3 5 6 2 1 4 0
21 16 5 7 3 5 6 2 1 0 4
21 16 5 6 3 5 4 2 7 0 1
22 18 4 6 3 5 1 2 7 4 0
22 17 5 6 3 5 1 2 7 0 4
26 22 4 1 3 5 4 2 0 7 6
30 26 4 7 3 5 4 2 0 6 1
28 25 3 1 3 4 5 2 7 6 0
28 24 4 1 3 4 0 2 7 6 5
27 23 4 1 3 5 4 7 0 6 2
29 25 4 1 3 5 0 4 7 6 2
27 23 4 1 3 5 2 7 0 6 4
28 24 4 1 3 5 0 2 7 4 6
27 23 4 1 3 5 6 2 0 7 4
25 21 4 1 3 5 4 2 7 0 6
27 23 4 0 3 5 4 2 7 6 1
27 23 4 1 3 0 4 2 7 6 5
26 22 4 1 3 5 4 0 7 6 2
24 20 4 1 3 0 5 2 7 6 4
27 24 3 1 3 5 2 4 7 6 0
26 22 4 1 3 5 2 0 7 6 4
26 23 3 1 3 5 6 2 7 4 0
26 22 4 1 3 5 6 2 7 0 4
24 20 4 7 3 5 1 2 0 6 4
19 15 4 4 3 5 0 2 7 6 1
22 20 2 1 3 5 4 2 7 6 0
22 19 3 1 3 5 0 2 7 6 4
21 17 4 0 3 5 1 2 7 6 4
17 14 3 4 3 5 1 2 7 6 0
18 13 5 4 3 5 1 2 7 0 6
17 12 5 0 3 5 4 2 7 1 6
20 15 5 7 3 5 6 2 0 1 4
19 15 4 6 3 5 4 2 7 1 0
19 14 5 6 3 5 0 2 7 1 4
15 10 5 4 3 5 0 2 7 1 6
17 12 5 0 3 5 6 2 7 1 4
14 9 5 4 3 5 6 2 0 7 1
13 9 4 4 3 5 6 2 7 1 0
13 8 5 4 3 5 6 2 7 0 1
13 7 6 4 3 0 6 2 7 5 1
9 4 5 4 3 1 6 2 7 5 0
9 2 7 4 3 1 6 0 7 5 2
9 3 6 4 3 1 6 7 5 2 0
9 2 7 4 3 1 6 7 5 0 2
8 1 7 4 3 1 6 7 0 5 2
8 0 8 4 0 1 6 7 3 5 2
