10 4 6 6 4 3 5 0 2 7 1
10 6 4 1 4 3 5 6 2 7 0
10 5 5 6 2 3 4 0 7 1 5
10 4 6 0 2 5 4 6 7 3 1
10 7 3 0 2 3 4 1 6 7 5
10 4 6 0 2 3 5 4 7 1 6
10 4 6 4 2 3 5 7 0 1 6
10 7 3 1 2 3 0 4 6 7 5
10 6 4 4 2 0 3 5 6 7 1
10 3 7 4 3 0 5 6 2 7 1
10 3 7 4 2 0 3 6 7 1 5
10 2 8 4 0 2 5 6 7 3 1
10 5 5 4 2 3 5 1 6 0 7
10 5 5 4 0 3 5 2 6 7 1
10 4 6 0 2 3 5 6 7 1 4
9 3 6 4 2 5 1 6 7 3 0
9 6 3 5 2 3 1 4 6 7 0
9 7 2 0 2 3 4 5 6 7 1
9 3 6 0 4 3 5 6 2 7 1
9 4 5 0 2 3 4 6 7 1 5
9 2 7 4 2 5 0 6 7 3 1
9 4 5 2 0 3 5 4 6 7 1
9 5 4 5 2 3 0 4 6 7 1
9 5 4 4 2 3 0 1 6 7 5
9 3 6 4 2 3 5 0 7 1 6
8 6 2 4 2 3 1 5 6 7 0
8 6 2 1 2 3 5 4 6 7 0
8 5 3 4 2 3 0 5 6 7 1
8 2 6 4 0 3 5 6 2 7 1
8 2 6 4 2 3 0 6 7 1 5
8 1 7 4 2 0 5 6 7 3 1
7 3 4 0 2 3 5 4 6 7 1
7 4 3 4 2 3 5 1 6 7 0
6 2 4 4 2 3 5 0 6 7 1
6 1 5 4 2 3 5 6 0 7 1
6 1 5 4 2 3 5 6 7 1 0
6 0 6 4 2 3 5 6 7 0 1
