25 23 2 1 2 3 0 5 6 7 4
24 21 3 0 2 3 1 5 6 7 4
20 18 2 4 2 3 1 5 6 7 0
21 17 4 4 2 3 1 5 6 0 7
17 14 3 7 2 3 1 5 6 4 0
17 13 4 7 2 3 1 5 6 0 4
16 12 4 0 2 3 7 5 6 1 4
17 14 3 7 2 1 4 5 6 3 0
17 13 4 7 2 1 4 5 6 0 3
16 12 4 0 2 3 4 7 6 1 5
18 15 3 5 2 3 4 7 6 1 0
17 13 4 5 2 3 4 0 6 1 7
17 13 4 2 0 3 4 5 6 1 7
19 15 4 6 2 3 4 5 0 1 7
18 15 3 4 2 3 7 5 6 1 0
18 14 4 4 2 3 0 5 6 1 7
14 10 4 7 2 3 0 5 6 1 4
16 12 4 7 2 0 4 5 6 1 3
15 11 4 7 2 3 4 0 6 1 5
13 9 4 7 2 0 4 5 6 3 1
15 12 3 0 2 3 4 5 6 1 7
11 9 2 7 2 3 4 5 6 1 0
11 8 3 7 2 3 4 5 6 0 1
11 7 4 7 2 3 4 5 0 6 1
11 6 5 7 0 3 4 5 2 6 1
18 14 4 7 0 3 4 5 6 1 2
17 13 4 0 7 3 4 5 6 1 2
13 10 3 2 7 3 4 5 6 1 0
13 9 4 2 7 3 4 5 6 0 1
13 8 5 2 7 3 4 5 0 6 1
15 11 4 1 0 3 4 5 7 2 6
14 10 4 1 7 3 4 5 0 2 6
13 9 4 1 7 3 4 5 2 0 6
11 8 3 1 7 3 4 5 2 6 0
10 5 5 0 7 3 4 5 2 6 1
10 4 6 5 7 3 4 0 2 6 1
7 2 5 5 7 3 4 1 2 6 0
8 1 7 5 7 3 0 1 2 6 4
7 0 7 5 7 0 3 1 2 6 4
