36 34 2 0 3 5 7 2 4 6 1
37 35 2 2 3 5 7 1 4 6 0
36 33 3 2 3 5 7 0 4 6 1
36 32 4 2 3 5 7 4 0 6 1
34 31 3 4 3 5 7 2 0 6 1
34 30 4 4 3 5 7 0 2 6 1
32 28 4 2 3 5 7 1 0 6 4
34 30 4 1 3 5 4 0 2 6 7
32 28 4 1 2 5 7 3 0 6 4
31 28 3 1 3 5 4 2 0 6 7
31 28 3 1 3 5 4 2 6 7 0
31 27 4 1 3 5 4 2 6 0 7
37 34 3 0 3 5 7 2 4 1 6
33 31 2 6 3 5 7 2 4 1 0
33 30 3 6 3 5 7 2 4 0 1
33 29 4 6 3 5 7 2 0 4 1
33 30 3 1 3 5 7 0 4 2 6
30 28 2 1 3 5 7 6 4 2 0
30 27 3 1 3 5 7 6 4 0 2
30 26 4 1 3 5 7 6 0 4 2
31 28 3 4 1 5 7 2 3 6 0
29 25 4 0 1 5 7 2 3 6 4
29 25 4 1 5 0 7 2 3 6 4
31 27 4 1 3 5 0 4 2 6 7
31 27 4 1 3 5 7 4 2 0 6
33 29 4 0 3 5 7 4 2 6 1
33 29 4 1 3 0 7 4 2 6 5
31 28 3 4 3 5 7 1 2 6 0
29 25 4 0 3 5 7 1 2 6 4
31 28 3 1 3 5 4 7 2 6 0
31 27 4 1 3 5 0 7 2 6 4
31 27 4 1 0 5 7 3 2 6 4
28 24 4 1 3 5 0 2 6 4 7
30 26 4 0 3 5 7 2 6 4 1
29 25 4 1 3 5 7 0 6 4 2
22 18 4 1 4 0 7 2 3 6 5
26 22 4 1 3 0 7 5 2 6 4
27 24 3 1 0 5 7 2 3 6 4
28 26 2 1 3 5 7 4 2 6 0
27 24 3 1 3 5 7 0 2 6 4
25 23 2 1 3 5 7 2 0 6 4
25 23 2 1 3 5 7 2 6 4 0
25 22 3 1 3 5 7 2 6 0 4
25 21 4 1 3 0 7 2 6 5 4
22 18 4 1 3 0 7 2 6 4 5
21 17 4 1 0 4 7 2 3 6 5
22 19 3 1 3 4 7 5 2 6 0
21 17 4 1 3 4 7 0 2 6 5
21 18 3 1 3 4 7 2 6 5 0
21 17 4 1 3 4 7 2 6 0 5
19 16 3 1 3 4 7 2 0 6 5
17 13 4 0 3 4 7 2 1 6 5
17 13 4 5 3 0 7 2 1 6 4
13 10 3 5 3 4 7 2 1 6 0
14 9 5 5 3 4 7 2 1 0 6
15 10 5 0 3 1 7 2 5 4 6
12 7 5 6 3 1 7 2 0 5 4
13 8 5 5 3 4 7 2 0 1 6
11 7 4 6 3 1 7 2 5 4 0
11 6 5 6 3 1 7 2 5 0 4
10 5 5 0 3 4 7 2 5 1 6
10 5 5 6 3 0 7 2 5 1 4
7 2 5 6 3 0 7 2 5 4 1
6 2 4 6 3 4 7 2 5 1 0
6 1 5 6 3 4 7 2 5 0 1
5 0 5 6 3 4 7 2 0 5 1
