18 16 2 1 3 5 7 0 4 6 2
20 18 2 2 3 5 7 1 4 6 0
18 15 3 0 3 5 7 1 4 6 2
18 14 4 3 0 5 7 1 4 6 2
16 13 3 1 0 5 7 3 4 6 2
16 12 4 0 1 5 7 3 4 6 2
14 10 4 2 0 5 7 1 4 6 3
14 10 4 4 0 5 7 2 1 6 3
16 12 4 0 1 5 3 2 4 6 7
15 12 3 1 0 5 7 2 4 3 6
15 11 4 1 5 0 7 2 4 3 6
15 12 3 1 0 5 3 2 4 6 7
15 11 4 1 5 0 3 2 4 6 7
12 10 2 1 2 5 7 3 4 6 0
11 8 3 1 2 5 7 0 4 6 3
11 7 4 1 2 5 7 4 0 6 3
14 10 4 3 1 5 0 2 4 6 7
14 10 4 3 1 5 7 2 4 0 6
16 12 4 3 1 0 7 2 4 6 5
15 11 4 3 1 5 7 0 4 6 2
12 9 3 2 1 5 7 3 4 6 0
11 7 4 2 1 5 7 0 4 6 3
13 9 4 4 1 5 7 2 0 6 3
12 9 3 7 1 5 3 2 4 6 0
12 8 4 7 1 5 0 2 4 6 3
11 8 3 1 5 6 7 2 4 3 0
11 7 4 1 5 6 7 2 4 0 3
11 8 3 1 5 7 3 2 4 6 0
11 7 4 1 5 7 0 2 4 6 3
9 6 3 1 4 5 7 2 6 3 0
9 5 4 1 4 5 7 2 6 0 3
10 6 4 1 0 5 7 4 2 6 3
11 9 2 3 1 5 7 2 4 6 0
9 6 3 0 1 5 7 2 4 6 3
9 6 3 1 5 0 7 2 4 6 3
7 5 2 1 0 5 7 2 4 6 3
7 4 3 1 4 5 7 2 0 6 3
8 5 3 1 4 5 7 3 2 6 0
7 3 4 1 4 5 7 0 2 6 3
9 5 4 3 4 5 7 1 2 6 0
7 2 5 0 4 5 7 1 2 6 3
6 0 6 7 4 5 0 1 2 6 3
