32 30 2 1 3 5 7 2 4 0 6
32 29 3 1 3 5 7 2 0 4 6
30 26 4 0 3 5 7 2 1 4 6
28 24 4 4 0 5 7 2 3 6 1
29 26 3 4 3 5 7 1 2 6 0
28 24 4 4 3 5 7 0 2 6 1
26 23 3 6 3 5 7 2 1 4 0
26 22 4 6 3 5 7 2 1 0 4
26 23 3 4 3 5 7 2 0 6 1
26 22 4 4 3 5 7 2 6 0 1
25 21 4 6 3 5 7 2 0 1 4
24 21 3 4 3 5 7 2 6 1 0
22 18 4 0 3 5 7 2 6 1 4
21 16 5 7 3 5 0 2 6 1 4
23 18 5 0 3 5 4 2 6 1 7
19 14 5 2 3 5 1 7 0 6 4
19 14 5 3 7 5 1 2 0 6 4
19 14 5 2 3 5 0 1 7 6 4
17 12 5 2 3 5 4 7 0 6 1
19 14 5 2 3 5 0 4 7 6 1
17 12 5 3 7 5 4 2 0 6 1
16 11 5 4 3 5 1 2 0 7 6
17 12 5 4 3 5 1 7 0 6 2
19 14 5 4 3 5 0 1 7 6 2
17 12 5 4 3 5 2 7 0 6 1
18 13 5 4 3 5 0 2 7 1 6
20 15 5 0 3 5 6 2 7 1 4
17 12 5 4 3 5 6 2 0 7 1
12 7 5 0 3 1 4 2 7 6 5
15 10 5 7 3 1 5 2 0 6 4
14 10 4 5 3 1 4 2 7 6 0
14 9 5 5 3 1 0 2 7 6 4
24 19 5 1 0 5 2 7 3 6 4
24 20 4 1 3 5 2 7 6 4 0
24 19 5 1 3 5 2 7 6 0 4
25 20 5 1 3 0 5 2 7 4 6
28 24 4 1 3 5 2 6 7 4 0
27 22 5 1 3 5 2 0 7 4 6
28 24 4 6 3 5 1 2 7 4 0
26 21 5 0 3 5 1 2 7 4 6
24 19 5 1 0 5 6 2 3 7 4
25 21 4 1 3 5 6 4 2 7 0
24 19 5 1 3 5 6 0 2 7 4
21 16 5 1 0 5 4 2 3 7 6
22 18 4 1 3 5 4 6 2 7 0
21 16 5 1 3 5 4 0 2 7 6
24 19 5 1 3 4 5 2 7 0 6
26 21 5 0 3 4 5 2 7 6 1
25 20 5 1 3 4 5 0 7 6 2
26 22 4 1 3 4 2 5 7 6 0
25 20 5 1 3 4 2 0 7 6 5
25 21 4 1 3 4 6 2 7 5 0
25 20 5 1 3 4 6 2 7 0 5
26 22 4 5 3 4 1 2 7 6 0
24 19 5 0 3 4 1 2 7 6 5
22 17 5 1 0 5 4 7 3 6 2
22 18 4 1 3 5 4 7 6 2 0
22 17 5 1 3 5 4 7 6 0 2
24 19 5 1 3 0 5 4 7 6 2
26 22 4 1 3 5 6 4 7 2 0
26 21 5 1 3 5 6 4 7 0 2
25 20 5 0 3 5 1 4 7 6 2
21 16 5 7 0 5 1 2 3 6 4
22 18 4 7 3 5 1 4 2 6 0
21 16 5 7 3 5 1 0 2 6 4
21 17 4 7 3 5 1 2 6 4 0
21 16 5 7 3 5 1 2 6 0 4
21 17 4 1 3 6 5 2 7 4 0
21 16 5 1 3 6 5 2 7 0 4
21 16 5 1 0 3 5 2 7 6 4
25 20 5 1 3 5 2 4 7 0 6
27 22 5 0 3 5 2 4 7 6 1
27 22 5 1 3 0 2 4 7 6 5
23 18 5 0 3 5 2 1 7 6 4
25 20 5 1 0 5 2 3 7 6 4
26 21 5 0 3 5 6 2 7 4 1
26 21 5 1 3 0 6 2 7 4 5
25 20 5 1 3 5 6 0 7 4 2
23 18 5 1 3 0 6 2 7 5 4
20 15 5 1 3 0 4 2 7 5 6
22 18 4 1 3 6 4 2 7 5 0
22 17 5 1 3 6 4 2 7 0 5
22 17 5 1 0 3 4 2 7 6 5
21 16 5 0 3 5 4 1 7 6 2
23 18 5 1 0 5 4 3 7 6 2
19 14 5 7 0 5 4 2 3 6 1
20 16 4 7 3 5 4 1 2 6 0
19 14 5 7 3 5 4 0 2 6 1
19 15 4 7 3 5 4 2 6 1 0
19 14 5 7 3 5 4 2 6 0 1
19 15 4 2 3 5 1 4 7 6 0
18 13 5 2 3 5 1 0 7 6 4
18 13 5 3 0 5 1 2 7 6 4
17 13 4 2 3 5 4 1 7 6 0
16 11 5 2 3 5 4 0 7 6 1
16 11 5 3 0 5 4 2 7 6 1
15 10 5 4 3 5 1 2 7 0 6
17 12 5 4 3 0 1 2 7 6 5
16 11 5 4 3 5 1 0 7 6 2
17 13 4 4 3 5 2 1 7 6 0
16 11 5 4 3 5 2 0 7 6 1
16 12 4 4 3 5 6 2 7 1 0
16 11 5 4 3 5 6 2 7 0 1
10 5 5 4 3 1 0 2 7 6 5
12 7 5 0 3 1 5 2 7 6 4
22 18 4 1 3 5 2 7 0 6 4
23 19 4 1 3 5 0 2 7 4 6
22 18 4 1 3 5 6 2 0 7 4
19 15 4 1 3 5 4 2 0 7 6
21 18 3 1 3 4 5 2 7 6 0
21 17 4 1 3 4 0 2 7 6 5
20 16 4 1 3 5 4 7 0 6 2
22 18 4 1 3 5 0 4 7 6 2
19 15 4 7 3 5 1 2 0 6 4
19 15 4 1 3 0 5 2 7 6 4
22 19 3 1 3 5 2 4 7 6 0
21 17 4 1 3 5 2 0 7 6 4
21 18 3 1 3 5 6 2 7 4 0
21 17 4 1 3 5 6 2 7 0 4
18 14 4 1 3 5 4 2 7 0 6
20 16 4 1 3 0 4 2 7 6 5
19 15 4 1 3 5 4 0 7 6 2
17 13 4 7 3 5 4 2 0 6 1
16 12 4 0 3 5 1 2 7 6 4
17 14 3 1 3 5 0 2 7 6 4
15 13 2 1 3 5 4 2 7 6 0
14 10 4 0 3 5 4 2 7 6 1
12 9 3 4 3 5 1 2 7 6 0
12 8 4 4 3 5 0 2 7 6 1
12 7 5 4 3 0 5 2 7 6 1
8 4 4 4 3 1 5 2 7 6 0
9 3 6 4 3 1 5 2 7 0 6
10 5 5 6 3 1 4 2 7 5 0
8 2 6 0 3 1 4 2 7 5 6
6 1 5 4 3 1 6 2 7 5 0
6 0 6 4 3 1 0 2 7 5 6
