17 15 2 1 3 5 7 2 4 0 6
17 14 3 1 3 5 7 2 0 4 6
15 11 4 0 3 5 7 2 1 4 6
12 8 4 6 3 5 7 2 0 1 4
11 8 3 6 3 5 7 2 1 4 0
11 7 4 6 3 5 7 2 1 0 4
11 6 5 6 3 0 7 2 1 5 4
9 4 5 1 0 4 7 2 3 5 6
10 6 4 1 3 4 7 6 2 5 0
9 4 5 1 3 4 7 0 2 5 6
14 10 4 1 3 6 7 2 0 5 4
14 10 4 1 5 3 7 2 0 6 4
11 7 4 1 3 0 4 2 5 6 7
15 11 4 5 3 4 7 2 0 6 1
12 8 4 1 3 4 7 5 0 6 2
13 10 3 1 3 6 7 2 5 4 0
13 9 4 1 3 6 7 2 5 0 4
13 9 4 1 0 3 7 2 5 6 4
13 10 3 1 3 7 4 2 5 6 0
13 9 4 1 3 7 0 2 5 6 4
10 6 4 1 3 4 0 2 5 6 7
12 8 4 0 3 4 7 2 5 6 1
11 7 4 1 3 4 7 0 5 6 2
9 5 4 1 3 0 7 2 5 4 6
11 8 3 1 3 0 7 2 5 6 4
7 5 2 1 3 4 7 2 5 6 0
8 4 4 1 3 4 7 2 5 0 6
7 3 4 6 3 4 7 2 1 5 0
7 3 4 1 3 4 7 2 0 5 6
5 0 5 0 3 4 7 2 1 5 6
