23 21 2 1 2 3 0 5 6 7 4
22 19 3 0 2 3 1 5 6 7 4
18 16 2 4 2 3 1 5 6 7 0
19 15 4 4 2 3 1 5 6 0 7
19 15 4 7 2 0 4 5 6 3 1
19 15 4 7 2 3 4 5 0 6 1
18 14 4 7 2 3 0 5 6 1 4
20 16 4 7 2 0 4 5 6 1 3
19 15 4 7 2 3 4 0 6 1 5
16 13 3 5 2 3 4 7 6 1 0
15 11 4 5 2 3 4 0 6 1 7
17 13 4 6 2 3 4 5 0 1 7
16 13 3 4 2 3 7 5 6 1 0
16 12 4 4 2 3 0 5 6 1 7
17 14 3 7 2 3 4 5 6 0 1
15 13 2 7 2 3 4 5 6 1 0
13 10 3 0 2 3 4 5 6 1 7
13 9 4 2 0 3 4 5 6 1 7
12 8 4 2 5 3 4 7 6 1 0
11 6 5 2 5 3 4 0 6 1 7
12 8 4 7 5 3 4 2 6 1 0
10 5 5 0 5 3 4 2 6 1 7
9 4 5 5 0 3 4 2 6 1 7
9 3 6 5 6 3 4 2 0 1 7
8 3 5 7 6 3 4 2 5 1 0
6 0 6 0 6 3 4 2 5 1 7
