9 6 3 1 2 3 4 0 6 5 7
9 7 2 1 2 3 4 0 6 7 5
9 4 5 4 2 7 5 1 6 3 0
9 5 4 0 2 3 4 1 6 5 7
9 6 3 0 2 3 4 1 6 7 5
9 3 6 4 0 5 3 1 2 6 7
9 3 6 4 2 5 3 0 1 6 7
9 6 3 1 2 5 3 4 6 7 0
9 5 4 1 2 5 4 6 0 7 3
9 3 6 4 2 7 5 1 6 0 3
9 3 6 4 0 2 5 1 6 7 3
9 4 5 2 0 5 4 1 6 7 3
9 6 3 3 2 5 4 1 6 7 0
9 3 6 4 2 5 3 6 0 7 1
9 4 5 4 2 5 1 0 6 7 3
8 4 4 4 2 3 7 1 6 5 0
8 5 3 4 2 3 5 1 6 7 0
8 3 5 4 2 3 0 1 6 5 7
8 4 4 1 2 5 3 0 6 7 4
8 4 4 4 2 3 0 1 6 7 5
8 6 2 1 2 5 4 3 6 7 0
8 2 6 4 2 0 3 1 6 5 7
8 2 6 4 2 5 3 1 0 6 7
8 3 5 0 2 5 3 4 6 7 1
8 3 5 0 2 5 3 1 6 7 4
8 3 5 4 2 0 3 1 6 7 5
7 4 3 1 2 5 4 0 6 7 3
7 2 5 4 2 0 5 1 6 7 3
7 3 4 0 2 5 4 1 6 7 3
7 1 6 4 2 5 3 1 6 0 7
7 2 5 4 2 5 3 0 6 7 1
6 1 5 4 2 5 0 1 6 7 3
4 0 4 4 2 5 3 1 6 7 0
