29 27 2 1 3 5 7 0 4 6 2
27 24 3 1 3 5 0 7 4 6 2
27 23 4 1 3 0 5 7 4 6 2
26 22 4 1 3 2 5 0 4 6 7
24 20 4 1 3 0 2 7 4 6 5
24 20 4 1 2 0 7 3 4 6 5
26 23 3 1 3 6 7 5 4 2 0
26 22 4 1 3 6 7 5 4 0 2
26 22 4 1 0 3 7 5 4 6 2
26 23 3 1 3 7 2 5 4 6 0
26 22 4 1 3 7 0 5 4 6 2
23 19 4 1 3 2 0 5 4 6 7
23 19 4 1 3 2 7 5 4 0 6
25 21 4 0 3 2 7 5 4 6 1
23 20 3 5 3 2 7 1 4 6 0
21 17 4 0 3 2 7 1 4 6 5
23 20 3 1 3 2 5 7 4 6 0
23 19 4 1 3 2 0 7 4 6 5
23 19 4 1 0 2 7 3 4 6 5
24 21 3 1 3 0 7 5 4 6 2
20 18 2 1 3 2 7 5 4 6 0
19 16 3 1 3 2 7 0 4 6 5
19 15 4 1 3 2 7 4 0 6 5
17 12 5 0 3 2 7 4 1 6 5
17 12 5 5 3 0 7 4 1 6 2
16 11 5 5 3 2 7 0 1 6 4
13 9 4 5 3 2 7 4 1 6 0
14 8 6 5 3 2 7 4 1 0 6
14 8 6 6 3 2 7 4 5 0 1
16 10 6 6 3 0 7 4 5 1 2
15 9 6 6 3 2 7 0 5 1 4
12 7 5 4 3 2 7 6 5 1 0
11 5 6 4 3 2 7 0 5 1 6
25 20 5 0 3 1 7 5 4 2 6
24 19 5 6 3 1 7 0 4 2 5
23 18 5 0 3 1 7 6 4 2 5
22 17 5 5 3 1 7 0 4 2 6
19 14 5 6 3 0 7 5 4 2 1
21 17 4 6 3 1 7 5 4 2 0
21 16 5 6 3 1 7 5 4 0 2
17 12 5 5 3 0 7 6 4 2 1
19 15 4 5 3 1 7 6 4 2 0
19 14 5 5 3 1 7 6 4 0 2
18 13 5 6 3 2 7 5 4 0 1
20 15 5 6 3 0 7 5 4 1 2
19 14 5 6 3 2 7 0 4 1 5
16 11 5 5 3 2 7 6 4 0 1
18 13 5 0 3 2 7 6 4 1 5
18 13 5 5 3 0 7 6 4 1 2
16 12 4 6 3 2 7 5 4 1 0
14 9 5 0 3 2 7 5 4 1 6
14 10 4 5 3 2 7 6 4 1 0
13 8 5 5 3 2 7 0 4 1 6
13 7 6 5 3 2 7 4 0 1 6
12 7 5 6 3 2 7 4 5 1 0
10 4 6 0 3 2 7 4 5 1 6
10 3 7 3 0 2 7 4 5 1 6
8 2 6 3 4 2 7 6 5 1 0
7 0 7 3 4 2 7 0 5 1 6
