19 17 2 0 3 5 7 2 4 6 1
18 15 3 7 3 5 0 2 4 6 1
18 14 4 7 3 0 5 2 4 6 1
15 11 4 7 3 0 1 2 4 6 5
19 16 3 5 3 6 7 2 4 1 0
19 15 4 5 3 6 7 2 4 0 1
19 15 4 5 0 3 7 2 4 6 1
19 16 3 5 3 7 1 2 4 6 0
19 15 4 5 3 7 0 2 4 6 1
16 12 4 5 3 1 0 2 4 6 7
16 12 4 5 3 1 7 2 4 0 6
17 13 4 5 3 1 7 0 4 6 2
14 11 3 2 3 1 7 5 4 6 0
13 9 4 2 3 1 7 0 4 6 5
15 11 4 4 3 1 7 2 0 6 5
14 11 3 7 3 1 5 2 4 6 0
14 10 4 7 3 1 0 2 4 6 5
12 8 4 3 1 0 7 2 4 6 5
17 14 3 5 3 0 7 2 4 6 1
13 11 2 5 3 1 7 2 4 6 0
11 8 3 0 3 1 7 2 4 6 5
11 7 4 3 0 1 7 2 4 6 5
11 6 5 3 4 1 7 2 0 6 5
10 6 4 5 4 1 7 2 3 6 0
8 3 5 0 4 1 7 2 3 6 5
8 2 6 2 4 1 7 0 3 6 5
5 0 5 2 4 1 7 5 3 6 0
