27 25 2 1 3 5 0 2 4 6 7
26 23 3 0 3 5 1 2 4 6 7
22 20 2 7 3 5 1 2 4 6 0
23 19 4 7 3 5 1 2 4 0 6
19 16 3 6 3 5 1 2 4 7 0
19 15 4 6 3 5 1 2 4 0 7
18 14 4 0 3 5 6 2 4 1 7
19 16 3 6 3 1 7 2 4 5 0
19 15 4 6 3 1 7 2 4 0 5
17 13 4 6 3 0 7 2 4 5 1
17 13 4 6 3 5 7 2 0 4 1
19 15 4 3 0 5 7 2 4 1 6
21 17 4 4 3 5 7 2 0 1 6
20 17 3 7 3 5 6 2 4 1 0
20 16 4 7 3 5 0 2 4 1 6
16 12 4 6 3 5 0 2 4 1 7
18 14 4 6 3 0 7 2 4 1 5
16 12 4 2 3 5 7 6 4 0 1
17 13 4 2 3 5 7 0 4 1 6
15 12 3 6 3 5 7 2 4 0 1
17 14 3 0 3 5 7 2 4 1 6
13 11 2 6 3 5 7 2 4 1 0
13 9 4 6 3 5 7 0 4 1 2
14 11 3 2 3 5 7 6 4 1 0
12 8 4 0 3 5 7 6 4 1 2
12 7 5 3 0 5 7 6 4 1 2
12 6 6 3 5 0 7 6 4 1 2
10 5 5 6 5 2 7 3 4 1 0
8 2 6 0 5 2 7 3 4 1 6
21 16 5 0 3 1 7 6 4 2 5
20 15 5 5 3 1 7 0 4 2 6
21 16 5 0 3 1 7 5 4 2 6
20 15 5 6 3 1 7 0 4 2 5
15 10 5 5 3 0 7 6 4 2 1
17 13 4 5 3 1 7 6 4 2 0
17 12 5 5 3 1 7 6 4 0 2
15 10 5 6 3 0 7 5 4 2 1
17 13 4 6 3 1 7 5 4 2 0
17 12 5 6 3 1 7 5 4 0 2
14 9 5 5 3 2 7 6 4 0 1
16 11 5 0 3 2 7 6 4 1 5
16 11 5 5 3 0 7 6 4 1 2
14 9 5 6 3 2 7 5 4 0 1
16 11 5 6 3 0 7 5 4 1 2
15 10 5 6 3 2 7 0 4 1 5
12 8 4 5 3 2 7 6 4 1 0
11 6 5 5 3 2 7 0 4 1 6
12 8 4 6 3 2 7 5 4 1 0
10 5 5 0 3 2 7 5 4 1 6
10 4 6 3 0 2 7 5 4 1 6
8 3 5 3 5 2 7 6 4 1 0
7 1 6 3 5 2 7 0 4 1 6
7 0 7 3 5 2 7 4 0 1 6
