12 11 1 1 3 5 7 0 4 6 2
12 10 2 1 3 5 7 4 0 6 2
11 9 2 7 3 5 0 4 1 6 2
12 10 2 0 5 7 2 4 1 6 3
11 9 2 3 5 7 2 0 1 6 4
12 10 2 0 5 7 4 3 1 6 2
12 10 2 3 5 7 4 1 0 6 2
14 12 2 3 0 7 4 5 1 6 2
13 11 2 3 5 7 4 2 1 6 0
12 10 2 3 5 0 6 4 1 7 2
12 10 2 3 5 7 6 4 0 1 2
11 9 2 4 5 7 3 0 1 6 2
11 9 2 5 0 7 3 4 1 6 2
13 11 2 2 5 7 3 4 1 6 0
13 11 2 1 5 7 3 4 0 6 2
9 7 2 5 1 2 7 3 0 6 4
9 7 2 5 2 0 7 3 1 6 4
11 9 2 4 5 2 0 3 1 6 7
13 11 2 4 5 0 7 3 1 6 2
11 9 2 1 0 2 7 3 5 6 4
11 9 2 1 5 2 7 0 3 6 4
11 9 2 1 5 2 7 3 6 0 4
10 8 2 7 5 2 4 3 1 6 0
10 8 2 7 5 0 2 3 1 6 4
12 10 2 7 5 2 6 3 1 0 4
9 7 2 0 3 2 7 1 5 6 4
9 7 2 3 2 0 7 1 5 6 4
9 7 2 3 5 0 7 1 6 2 4
9 7 2 3 5 2 7 1 6 4 0
11 9 2 3 5 2 4 7 1 0 6
13 11 2 0 5 2 4 7 1 6 3
13 11 2 3 5 0 4 7 1 6 2
11 9 2 3 5 6 2 7 1 0 4
11 9 2 3 0 5 2 7 1 6 4
13 11 2 3 5 0 6 7 1 2 4
13 11 2 3 5 2 6 7 0 1 4
13 11 2 3 5 2 6 7 1 4 0
12 10 2 7 5 2 3 0 1 6 4
12 10 2 5 0 2 3 7 1 6 4
14 12 2 4 5 2 3 7 1 6 0
14 12 2 1 5 2 3 7 0 6 4
11 9 2 3 1 2 7 0 5 6 4
11 9 2 3 1 2 7 5 6 0 4
11 9 2 5 3 2 7 0 1 6 4
13 11 2 4 3 2 7 5 1 6 0
13 11 2 1 3 2 7 5 0 6 4
12 10 2 7 3 2 0 5 1 6 4
11 9 2 3 2 6 7 5 1 0 4
11 9 2 3 2 7 0 5 1 6 4
9 7 2 4 3 2 6 7 5 1 0
9 7 2 4 3 0 2 7 5 1 6
11 9 2 4 3 2 1 7 5 0 6
8 6 2 4 3 2 0 6 5 1 7
8 6 2 4 3 2 7 6 5 0 1
10 8 2 4 3 0 7 6 5 1 2
9 7 2 6 3 0 2 4 5 1 7
11 9 2 6 3 2 4 0 5 1 7
11 9 2 6 3 2 1 4 5 0 7
9 7 2 6 3 0 7 4 5 2 1
9 7 2 6 3 2 7 4 0 5 1
11 9 2 6 3 1 7 4 5 0 2
11 9 2 6 0 3 7 4 5 1 2
11 9 2 6 3 7 0 4 5 1 2
10 8 2 0 3 2 7 6 5 1 4
10 8 2 6 3 2 7 5 0 1 4
12 10 2 6 3 2 0 7 5 1 4
12 10 2 6 0 2 7 3 5 1 4
9 7 2 5 2 0 7 4 3 1 6
9 7 2 5 3 0 7 4 1 2 6
9 7 2 5 3 2 7 4 1 6 0
8 6 2 7 3 2 6 4 5 0 1
10 8 2 0 3 2 6 4 5 1 7
10 8 2 7 3 0 6 4 5 1 2
9 7 2 7 3 2 6 0 5 1 4
8 6 2 7 3 1 2 4 5 0 6
8 6 2 7 0 3 2 4 5 1 6
10 8 2 0 3 2 4 7 5 1 6
10 8 2 7 3 2 4 5 0 1 6
12 10 2 7 0 2 4 3 5 1 6
11 9 2 7 3 2 4 6 5 1 0
10 8 2 7 3 0 1 4 5 2 6
10 8 2 7 3 2 1 4 0 5 6
10 8 2 7 3 2 1 4 5 6 0
7 5 2 3 0 1 7 4 2 5 6
7 5 2 3 2 1 7 0 4 5 6
7 5 2 3 2 1 0 4 5 6 7
9 7 2 0 2 1 7 4 5 6 3
9 7 2 3 2 0 7 4 5 6 1
8 6 2 3 2 1 7 0 5 6 4
7 5 2 3 2 7 6 4 5 0 1
9 7 2 0 2 7 6 4 5 1 3
9 7 2 3 2 0 6 4 5 1 7
8 6 2 3 2 7 6 0 5 1 4
9 7 2 0 2 7 4 3 5 1 6
9 7 2 3 2 7 4 5 0 1 6
11 9 2 3 0 7 4 2 5 1 6
10 8 2 3 2 7 4 6 5 1 0
9 7 2 3 2 0 1 4 5 7 6
9 7 2 3 2 7 1 4 0 5 6
9 7 2 3 2 7 1 4 5 6 0
8 6 2 4 2 7 3 0 5 1 6
8 6 2 2 0 7 3 4 5 1 6
10 8 2 6 2 7 3 4 5 1 0
10 8 2 5 2 7 3 4 0 1 6
7 5 2 5 4 2 7 0 3 1 6
7 5 2 5 4 2 7 3 1 0 6
7 5 2 5 2 1 7 3 4 0 6
7 5 2 5 2 7 0 3 4 1 6
9 7 2 6 5 0 2 3 4 1 7
11 9 2 6 5 2 1 3 4 0 7
9 7 2 6 5 0 7 3 4 2 1
9 7 2 6 5 2 7 3 0 4 1
11 9 2 6 5 1 7 3 4 0 2
11 9 2 6 0 5 7 3 4 1 2
11 9 2 6 5 7 0 3 4 1 2
9 7 2 4 2 0 7 3 5 1 6
9 7 2 0 5 2 7 4 3 1 6
11 9 2 4 5 2 0 7 3 1 6
10 8 2 4 5 2 7 6 3 1 0
9 7 2 4 5 0 7 3 1 2 6
8 6 2 7 5 2 6 3 4 0 1
10 8 2 7 5 0 6 3 4 1 2
8 6 2 7 5 1 2 3 4 0 6
8 6 2 7 0 5 2 3 4 1 6
10 8 2 7 5 0 1 3 4 2 6
10 8 2 7 5 2 1 3 0 4 6
10 8 2 7 5 2 1 3 4 6 0
9 7 2 3 5 0 6 7 4 2 1
9 7 2 3 5 2 6 7 0 4 1
11 9 2 5 0 2 6 7 4 1 3
13 11 2 4 5 2 6 7 0 1 3
11 9 2 3 5 1 6 7 4 0 2
11 9 2 3 0 5 6 7 4 1 2
11 9 2 3 5 6 0 7 4 1 2
9 7 2 3 5 1 2 7 0 4 6
9 7 2 3 5 1 2 7 4 6 0
9 7 2 3 4 5 2 7 0 1 6
9 7 2 0 3 5 2 7 4 1 6
11 9 2 3 0 5 1 7 4 2 6
11 9 2 3 5 1 0 7 4 2 6
11 9 2 3 0 2 1 7 5 4 6
11 9 2 3 5 2 1 0 7 4 6
11 9 2 3 5 2 0 7 4 6 1
13 11 2 0 5 2 1 7 4 6 3
13 11 2 3 5 0 1 7 4 6 2
12 10 2 3 5 2 1 0 4 6 7
10 8 2 7 5 2 3 4 0 1 6
12 10 2 7 0 2 3 5 4 1 6
10 8 2 5 4 2 3 7 0 1 6
10 8 2 5 2 0 3 7 4 1 6
12 10 2 6 5 2 3 7 4 0 1
14 12 2 6 5 0 3 7 4 1 2
12 10 2 4 0 2 3 7 5 1 6
12 10 2 4 5 2 3 0 7 1 6
12 10 2 4 5 2 3 7 1 0 6
9 7 2 0 4 2 7 3 5 1 6
11 9 2 3 4 2 0 7 5 1 6
10 8 2 3 4 2 7 6 5 1 0
9 7 2 3 4 0 7 5 1 2 6
9 7 2 3 4 2 7 5 1 6 0
12 10 2 6 3 0 2 5 4 1 7
14 12 2 6 3 2 5 0 4 1 7
14 12 2 6 3 2 1 5 4 0 7
13 11 2 0 3 2 6 5 4 1 7
12 10 2 6 3 0 7 5 4 2 1
12 10 2 6 3 2 7 5 0 4 1
14 13 1 6 3 1 7 5 4 2 0
14 12 2 6 3 1 7 5 4 0 2
14 12 2 6 0 3 7 5 4 1 2
14 12 2 6 3 7 0 5 4 1 2
13 11 2 6 3 2 7 4 0 1 5
15 13 2 6 3 2 0 7 4 1 5
15 13 2 6 0 2 7 3 4 1 5
11 9 2 5 3 2 0 6 4 1 7
11 9 2 5 3 2 7 6 4 0 1
13 11 2 0 3 2 7 6 4 1 5
13 11 2 5 3 0 7 6 4 1 2
11 9 2 5 3 2 0 7 4 1 6
11 9 2 4 0 2 7 5 3 1 6
11 9 2 4 3 2 7 5 1 0 6
10 8 2 7 3 2 6 5 4 1 0
10 8 2 7 3 0 2 5 4 1 6
12 10 2 7 3 2 5 0 4 1 6
12 10 2 7 3 2 1 5 4 0 6
9 7 2 3 2 1 7 5 0 4 6
9 7 2 3 2 1 7 5 4 6 0
9 7 2 3 2 7 6 5 4 1 0
11 9 2 3 2 7 5 0 4 1 6
11 9 2 3 2 7 1 5 4 0 6
10 8 2 0 2 7 3 5 4 1 6
8 6 2 3 5 1 2 6 4 0 7
8 6 2 3 0 5 2 6 4 1 7
10 8 2 0 5 2 6 3 4 1 7
12 10 2 3 0 2 6 5 4 1 7
10 8 2 3 5 0 1 6 4 2 7
10 8 2 3 5 2 1 6 0 4 7
10 8 2 3 5 2 1 6 4 7 0
9 7 2 6 5 2 3 0 4 1 7
9 7 2 5 0 2 3 6 4 1 7
11 9 2 4 5 2 3 6 0 1 7
8 6 2 3 0 5 7 6 4 2 1
8 6 2 3 5 7 0 6 4 2 1
8 6 2 3 0 2 7 6 5 4 1
8 6 2 3 5 2 7 0 6 4 1
10 8 2 6 5 2 7 4 0 1 3
12 10 2 6 5 2 0 7 4 1 3
12 10 2 6 0 2 7 5 4 1 3
10 8 2 5 4 2 7 6 0 1 3
10 8 2 5 2 0 7 6 4 1 3
12 10 2 4 0 2 7 6 5 1 3
12 10 2 4 5 2 7 0 6 1 3
12 10 2 4 5 2 7 6 1 0 3
11 9 2 7 5 2 3 6 4 1 0
11 9 2 7 5 0 2 6 4 1 3
13 11 2 7 5 2 6 0 4 1 3
13 11 2 7 5 2 1 6 4 0 3
10 8 2 3 5 1 7 6 0 4 2
10 8 2 3 5 1 7 6 4 2 0
10 8 2 3 4 5 7 6 0 1 2
12 11 1 2 3 5 7 6 4 1 0
10 8 2 0 3 5 7 6 4 1 2
10 8 2 3 5 7 2 6 4 1 0
12 10 2 3 5 7 6 0 4 1 2
12 10 2 3 5 7 1 6 4 0 2
11 9 2 0 5 7 3 6 4 1 2
7 5 2 3 1 5 7 0 4 2 6
7 6 1 3 1 5 7 4 2 6 0
7 5 2 3 1 5 7 4 2 0 6
7 5 2 4 3 5 7 0 1 2 6
9 7 2 6 3 5 7 4 1 2 0
9 7 2 1 3 5 7 4 0 2 6
8 6 2 7 3 5 0 4 1 2 6
9 7 2 0 5 7 6 4 1 2 3
8 6 2 3 5 7 6 0 1 2 4
9 7 2 0 5 7 4 3 1 2 6
9 7 2 3 5 7 4 1 0 2 6
11 9 2 3 0 7 4 5 1 2 6
10 8 2 3 5 7 4 6 1 2 0
9 7 2 3 5 0 2 4 1 7 6
9 7 2 3 5 7 2 4 0 1 6
8 6 2 4 5 7 3 0 1 2 6
8 6 2 5 0 7 3 4 1 2 6
10 8 2 6 5 7 3 4 1 2 0
10 8 2 1 5 7 3 4 0 2 6
7 5 2 3 5 6 2 4 1 0 7
7 5 2 3 0 5 2 4 1 6 7
9 7 2 0 5 2 4 3 1 6 7
9 7 2 3 5 2 4 1 0 6 7
11 9 2 3 0 2 4 5 1 6 7
9 7 2 3 5 0 6 4 1 2 7
9 7 2 3 5 2 6 4 0 1 7
9 7 2 3 5 2 6 4 1 7 0
8 6 2 4 5 2 3 0 1 6 7
8 6 2 5 0 2 3 4 1 6 7
10 8 2 1 5 2 3 4 0 6 7
9 7 2 4 5 2 7 1 0 6 3
11 9 2 4 5 2 0 7 1 6 3
11 9 2 4 0 2 7 5 1 6 3
9 7 2 5 1 2 7 4 0 6 3
9 7 2 5 2 0 7 4 1 6 3
11 9 2 1 0 2 7 4 5 6 3
11 9 2 1 5 2 7 0 4 6 3
11 9 2 1 5 2 7 4 6 0 3
10 8 2 7 5 2 3 4 1 6 0
10 8 2 7 5 0 2 4 1 6 3
12 10 2 7 5 2 4 0 1 6 3
12 10 2 7 5 2 6 4 1 0 3
9 7 2 3 5 6 7 4 0 1 2
9 7 2 3 5 6 7 4 1 2 0
9 7 2 3 1 5 7 4 0 6 2
11 10 1 2 3 5 7 4 1 6 0
9 7 2 0 3 5 7 4 1 6 2
9 7 2 3 5 7 2 4 1 6 0
11 9 2 3 5 7 4 0 1 6 2
11 9 2 3 5 7 6 4 1 0 2
10 8 2 0 5 7 3 4 1 6 2
8 6 2 5 0 2 7 3 1 6 4
10 8 2 4 5 2 7 3 1 6 0
10 8 2 1 5 2 7 3 0 6 4
9 7 2 7 5 2 0 3 1 6 4
8 6 2 3 0 2 7 1 5 6 4
8 6 2 3 5 2 7 1 6 0 4
10 8 2 3 5 2 4 7 1 6 0
10 8 2 3 5 0 2 7 1 6 4
12 10 2 3 5 2 6 7 1 0 4
11 9 2 0 5 2 3 7 1 6 4
10 8 2 3 1 2 7 5 0 6 4
10 8 2 0 3 2 7 5 1 6 4
10 8 2 3 2 0 7 5 1 6 4
8 6 2 4 3 2 0 7 5 1 6
7 5 2 4 3 2 7 6 5 1 0
8 6 2 6 3 2 0 4 5 1 7
8 6 2 6 3 2 7 4 5 0 1
10 8 2 6 3 0 7 4 5 1 2
9 7 2 6 3 2 7 0 5 1 4
8 6 2 5 0 2 7 4 3 1 6
8 6 2 5 3 2 7 4 1 0 6
7 5 2 7 3 2 6 4 5 1 0
7 5 2 7 3 0 2 4 5 1 6
9 7 2 7 3 2 4 0 5 1 6
9 7 2 7 3 2 1 4 5 0 6
6 4 2 3 2 1 7 4 0 5 6
6 4 2 3 2 1 7 4 5 6 0
6 4 2 3 2 7 6 4 5 1 0
8 6 2 3 2 7 4 0 5 1 6
8 6 2 3 2 7 1 4 5 0 6
7 5 2 0 2 7 3 4 5 1 6
6 4 2 5 4 2 7 3 0 1 6
6 4 2 5 2 0 7 3 4 1 6
8 6 2 6 5 2 0 3 4 1 7
8 6 2 6 5 2 7 3 4 0 1
10 8 2 6 5 0 7 3 4 1 2
8 6 2 4 0 2 7 3 5 1 6
8 6 2 4 5 2 7 0 3 1 6
8 6 2 4 5 2 7 3 1 0 6
7 5 2 7 5 2 6 3 4 1 0
7 5 2 7 5 0 2 3 4 1 6
9 7 2 7 5 2 1 3 4 0 6
8 6 2 3 5 2 6 7 4 0 1
10 8 2 0 5 2 6 7 4 1 3
10 8 2 3 5 0 6 7 4 1 2
8 6 2 3 5 1 2 7 4 0 6
8 6 2 3 0 5 2 7 4 1 6
10 8 2 3 5 0 1 7 4 2 6
10 8 2 3 5 2 1 7 0 4 6
10 8 2 3 5 2 1 7 4 6 0
9 7 2 7 5 2 3 0 4 1 6
9 7 2 5 0 2 3 7 4 1 6
11 9 2 6 5 2 3 7 4 1 0
11 9 2 4 5 2 3 7 0 1 6
8 6 2 3 4 2 7 0 5 1 6
8 6 2 3 4 2 7 5 1 0 6
11 9 2 6 3 2 0 5 4 1 7
11 9 2 6 3 2 7 5 4 0 1
13 11 2 6 3 0 7 5 4 1 2
12 10 2 6 3 2 7 0 4 1 5
9 8 1 5 3 2 7 6 4 1 0
8 6 2 5 3 2 7 0 4 1 6
10 8 2 4 3 2 7 5 0 1 6
9 7 2 7 3 2 0 5 4 1 6
8 6 2 3 2 1 7 5 4 0 6
8 6 2 3 2 7 0 5 4 1 6
7 5 2 3 5 0 2 6 4 1 7
9 7 2 3 5 2 6 0 4 1 7
9 7 2 3 5 2 1 6 4 0 7
8 6 2 0 5 2 3 6 4 1 7
7 5 2 3 5 0 7 6 4 2 1
7 5 2 3 5 2 7 6 0 4 1
9 7 2 6 5 2 7 0 4 1 3
9 7 2 5 0 2 7 6 4 1 3
11 9 2 4 5 2 7 6 0 1 3
10 8 2 7 5 2 0 6 4 1 3
9 7 2 3 5 1 7 6 4 0 2
9 7 2 3 0 5 7 6 4 1 2
9 7 2 3 5 7 0 6 4 1 2
6 4 2 3 1 5 7 4 0 2 6
6 4 2 0 3 5 7 4 1 2 6
6 4 2 3 5 7 6 4 1 2 0
8 6 2 3 5 7 4 0 1 2 6
8 6 2 3 5 7 2 4 1 0 6
7 5 2 0 5 7 3 4 1 2 6
6 4 2 3 5 0 2 4 1 6 7
8 6 2 3 5 2 4 0 1 6 7
8 6 2 3 5 2 6 4 1 0 7
7 5 2 0 5 2 3 4 1 6 7
8 6 2 4 5 2 7 0 1 6 3
8 6 2 5 0 2 7 4 1 6 3
10 8 2 1 5 2 7 4 0 6 3
9 7 2 7 5 2 0 4 1 6 3
8 6 2 3 5 6 7 4 1 0 2
8 6 2 3 0 5 7 4 1 6 2
8 6 2 3 5 7 0 4 1 6 2
7 5 2 0 5 2 7 3 1 6 4
7 5 2 3 5 2 7 1 0 6 4
9 7 2 3 5 2 0 7 1 6 4
9 7 2 3 0 2 7 5 1 6 4
5 3 2 4 3 2 7 0 5 1 6
7 5 2 6 3 2 7 4 5 1 0
7 5 2 5 3 2 7 4 0 1 6
6 4 2 7 3 2 0 4 5 1 6
5 3 2 3 2 1 7 4 5 0 6
5 3 2 3 2 7 0 4 5 1 6
5 3 2 5 0 2 7 3 4 1 6
7 5 2 6 5 2 7 3 4 1 0
7 5 2 4 5 2 7 3 0 1 6
6 4 2 7 5 2 0 3 4 1 6
7 5 2 3 5 2 6 7 4 1 0
7 5 2 3 5 0 2 7 4 1 6
9 7 2 3 5 2 1 7 4 0 6
8 6 2 0 5 2 3 7 4 1 6
7 5 2 3 4 2 7 5 0 1 6
9 8 1 6 3 2 7 5 4 1 0
7 5 2 0 3 2 7 5 4 1 6
7 5 2 3 2 0 7 5 4 1 6
6 4 2 3 5 2 0 6 4 1 7
6 4 2 3 5 2 7 6 4 0 1
8 6 2 0 5 2 7 6 4 1 3
8 6 2 3 5 0 7 6 4 1 2
5 3 2 3 0 5 7 4 1 2 6
5 3 2 3 5 7 0 4 1 2 6
5 3 2 3 5 2 0 4 1 6 7
7 5 2 0 5 2 7 4 1 6 3
7 5 2 3 5 0 7 4 1 6 2
6 4 2 3 5 2 7 0 1 6 4
4 2 2 0 3 2 7 4 5 1 6
4 2 2 3 2 0 7 4 5 1 6
4 2 2 0 5 2 7 3 4 1 6
6 4 2 3 5 2 0 7 4 1 6
6 4 2 3 0 2 7 5 4 1 6
5 3 2 3 5 2 7 6 4 1 0
4 2 2 3 5 0 7 4 1 2 6
4 2 2 3 5 2 7 4 1 6 0
3 1 2 3 0 2 7 4 5 1 6
3 1 2 3 5 2 7 0 4 1 6
3 1 2 3 5 2 7 4 1 0 6
2 0 2 3 5 2 7 4 0 1 6
