26 24 2 1 3 5 7 0 4 6 2
24 21 3 1 3 5 0 7 4 6 2
23 19 4 0 3 5 1 7 4 6 2
23 18 5 3 0 5 1 7 4 6 2
20 15 5 7 0 5 1 2 4 3 6
29 24 5 7 4 5 3 2 0 6 1
29 24 5 7 5 0 3 2 4 6 1
29 24 5 1 4 7 3 2 0 6 5
31 27 4 5 1 7 3 2 4 6 0
29 24 5 0 1 7 3 2 4 6 5
30 25 5 1 7 3 5 2 4 0 6
32 27 5 0 7 3 5 2 4 6 1
31 26 5 1 7 3 5 0 4 6 2
32 28 4 1 7 3 2 5 4 6 0
31 26 5 1 7 3 2 0 4 6 5
31 27 4 1 7 3 6 2 4 5 0
31 26 5 1 7 3 6 2 4 0 5
32 28 4 5 7 3 1 2 4 6 0
30 25 5 0 7 3 1 2 4 6 5
30 25 5 1 4 5 3 7 0 6 2
32 28 4 2 1 5 3 7 4 6 0
30 25 5 0 1 5 3 7 4 6 2
30 25 5 1 5 0 3 7 4 6 2
26 21 5 1 4 7 5 2 0 6 3
28 24 4 3 1 7 5 2 4 6 0
26 21 5 0 1 7 5 2 4 6 3
30 25 5 1 7 0 5 3 4 6 2
32 28 4 1 7 5 6 3 4 2 0
32 27 5 1 7 5 6 3 4 0 2
31 26 5 0 7 5 1 3 4 6 2
30 25 5 1 4 5 2 7 0 6 3
32 28 4 3 1 5 2 7 4 6 0
30 25 5 0 1 5 2 7 4 6 3
30 25 5 1 5 0 2 7 4 6 3
29 24 5 1 7 0 5 2 4 3 6
32 28 4 1 7 5 2 6 4 3 0
31 26 5 1 7 5 2 0 4 3 6
26 21 5 1 7 0 3 2 4 5 6
26 21 5 1 7 5 3 2 0 4 6
28 23 5 2 7 5 3 0 4 6 1
30 25 5 4 7 5 3 2 0 6 1
28 24 4 1 7 6 3 2 4 5 0
28 23 5 1 7 6 3 2 4 0 5
29 25 4 2 7 5 3 1 4 6 0
27 22 5 0 7 5 3 1 4 6 2
27 22 5 1 7 5 3 4 0 6 2
25 21 4 1 7 6 5 2 4 3 0
25 20 5 1 7 6 5 2 4 0 3
29 24 5 1 7 5 2 3 4 0 6
31 26 5 0 7 5 2 3 4 6 1
31 26 5 1 7 0 2 3 4 6 5
27 22 5 0 7 5 2 1 4 6 3
27 22 5 1 7 5 2 4 0 6 3
30 25 5 0 7 5 6 2 4 3 1
30 25 5 1 7 0 6 2 4 3 5
29 24 5 1 7 5 6 0 4 3 2
27 22 5 1 7 0 6 2 4 5 3
27 22 5 1 7 5 6 2 0 4 3
23 18 5 7 4 5 1 2 0 6 3
23 18 5 7 5 0 1 2 4 6 3
20 15 5 3 7 0 5 2 4 6 1
23 19 4 3 7 5 2 1 4 6 0
22 17 5 3 7 5 2 0 4 6 1
23 19 4 2 7 5 1 3 4 6 0
22 17 5 2 7 5 1 0 4 6 3
24 19 5 4 7 5 1 2 0 6 3
21 16 5 3 7 0 1 2 4 6 5
20 15 5 3 7 5 1 0 4 6 2
17 12 5 7 0 5 3 2 4 1 6
17 12 5 6 7 5 0 2 4 3 1
19 14 5 0 7 5 1 2 4 3 6
27 23 4 7 0 5 3 2 4 6 1
27 23 4 1 0 7 3 2 4 6 5
27 24 3 1 7 3 5 2 4 6 0
27 23 4 1 7 3 0 2 4 6 5
28 24 4 1 0 5 3 7 4 6 2
24 20 4 1 0 7 5 2 4 6 3
28 24 4 1 7 5 0 3 4 6 2
28 24 4 1 0 5 2 7 4 6 3
27 23 4 1 7 5 0 2 4 3 6
24 20 4 1 7 5 3 2 4 0 6
26 22 4 0 7 5 3 2 4 6 1
26 22 4 1 7 0 3 2 4 6 5
25 21 4 1 7 5 3 0 4 6 2
23 19 4 1 7 0 5 2 4 6 3
26 23 3 1 7 5 2 3 4 6 0
25 21 4 1 7 5 2 0 4 6 3
25 22 3 1 7 5 6 2 4 3 0
25 21 4 1 7 5 6 2 4 0 3
21 17 4 7 0 5 1 2 4 6 3
18 14 4 3 7 5 0 2 4 6 1
21 19 2 1 7 5 3 2 4 6 0
21 18 3 1 7 5 0 2 4 6 3
20 16 4 0 7 5 1 2 4 6 3
16 13 3 3 7 5 1 2 4 6 0
17 12 5 3 7 5 1 2 4 0 6
14 9 5 6 7 5 3 2 4 0 1
16 11 5 0 7 5 3 2 4 1 6
15 11 4 6 7 5 1 2 4 3 0
15 10 5 6 7 5 1 2 4 0 3
14 9 5 3 7 5 0 2 4 1 6
14 9 5 3 7 5 6 2 4 0 1
11 6 5 7 0 5 6 2 4 1 3
12 8 4 6 7 5 3 2 4 1 0
12 7 5 6 7 5 0 2 4 1 3
12 8 4 3 7 5 6 2 4 1 0
10 5 5 0 7 5 6 2 4 1 3
10 4 6 2 7 5 6 0 4 1 3
7 2 5 2 7 5 6 3 4 1 0
7 1 6 2 7 5 6 3 4 0 1
7 0 7 2 7 5 6 3 0 4 1
