29 27 2 1 3 5 0 2 4 6 7
29 26 3 1 3 0 5 2 4 6 7
25 23 2 1 3 6 7 2 4 5 0
25 22 3 1 3 6 7 2 4 0 5
25 23 2 1 3 7 5 2 4 6 0
25 22 3 1 3 7 0 2 4 6 5
23 21 2 1 3 0 7 2 4 6 5
23 20 3 1 0 3 7 2 4 6 5
21 17 4 1 2 3 7 0 4 6 5
19 15 4 1 2 3 7 5 0 4 6
18 15 3 1 2 3 7 5 4 6 0
18 14 4 1 2 3 7 5 4 0 6
18 13 5 1 2 0 7 5 4 3 6
14 10 4 1 0 5 7 6 4 2 3
14 9 5 1 5 0 7 6 4 2 3
17 12 5 1 4 5 7 6 0 3 2
19 15 4 2 1 5 7 6 4 3 0
17 12 5 0 1 5 7 6 4 3 2
16 12 4 1 5 3 7 6 4 2 0
16 11 5 1 5 3 7 6 4 0 2
17 12 5 1 0 2 7 5 4 3 6
13 8 5 1 5 2 7 6 4 0 3
15 11 4 1 0 5 7 6 4 3 2
15 10 5 1 5 0 7 6 4 3 2
14 9 5 1 5 2 7 0 4 3 6
11 7 4 1 5 2 7 6 4 3 0
10 4 6 0 5 2 7 6 4 3 1
12 6 6 6 0 2 7 5 4 3 1
7 1 6 6 5 2 1 7 4 3 0
10 5 5 6 5 2 7 1 4 3 0
9 3 6 6 5 2 7 0 4 3 1
7 0 7 6 5 2 0 7 4 3 1
