32 30 2 1 3 5 7 0 4 6 2
34 32 2 2 3 5 7 1 4 6 0
32 29 3 0 3 5 7 1 4 6 2
32 28 4 3 0 5 7 1 4 6 2
30 27 3 1 0 5 7 3 4 6 2
30 26 4 0 1 5 7 3 4 6 2
28 24 4 2 0 5 7 1 4 6 3
28 24 4 4 0 5 7 2 1 6 3
30 26 4 0 1 5 3 2 4 6 7
27 24 3 1 0 5 3 2 4 6 7
27 23 4 1 5 0 3 2 4 6 7
27 23 4 1 4 5 7 2 0 3 6
29 26 3 6 1 5 7 2 4 3 0
27 23 4 0 1 5 7 2 4 3 6
25 23 2 1 5 3 7 2 4 6 0
26 22 4 1 5 3 7 2 4 0 6
26 23 3 1 4 5 7 3 2 6 0
25 21 4 1 4 5 7 0 2 6 3
25 22 3 1 4 5 7 2 6 3 0
25 21 4 1 4 5 7 2 6 0 3
28 24 4 3 1 5 0 2 4 6 7
28 24 4 3 1 5 7 2 4 0 6
30 26 4 3 1 0 7 2 4 6 5
29 25 4 3 1 5 7 0 4 6 2
26 23 3 2 1 5 7 3 4 6 0
25 21 4 2 1 5 7 0 4 6 3
27 23 4 4 1 5 7 2 0 6 3
26 23 3 7 1 5 3 2 4 6 0
26 22 4 7 1 5 0 2 4 6 3
23 20 3 1 5 7 3 2 4 6 0
23 19 4 1 5 7 0 2 4 6 3
25 22 3 1 0 5 7 2 4 3 6
25 21 4 1 5 0 7 2 4 3 6
19 15 4 1 5 6 3 2 4 7 0
23 20 3 1 4 5 7 2 0 6 3
25 23 2 3 1 5 7 2 4 6 0
23 20 3 0 1 5 7 2 4 6 3
21 19 2 1 0 5 7 2 4 6 3
21 18 3 1 5 0 7 2 4 6 3
21 18 3 1 5 6 7 2 4 3 0
21 17 4 1 5 6 7 2 4 0 3
19 14 5 1 5 6 0 2 4 7 3
21 17 4 1 4 5 0 2 7 6 3
19 16 3 1 4 5 3 2 7 6 0
20 15 5 1 4 5 3 2 7 0 6
20 16 4 3 1 5 6 2 4 7 0
18 13 5 0 1 5 6 2 4 7 3
18 13 5 1 5 0 6 2 4 7 3
17 12 5 1 4 5 0 2 7 3 6
16 12 4 1 0 5 6 2 4 7 3
16 11 5 1 4 5 6 2 0 7 3
15 11 4 1 4 5 6 2 7 3 0
15 10 5 1 4 5 6 2 7 0 3
15 9 6 1 4 0 6 2 7 5 3
16 10 6 1 7 4 0 2 5 3 6
18 12 6 1 7 0 6 2 5 3 4
15 9 6 1 7 0 6 2 5 4 3
14 8 6 1 0 4 6 2 7 5 3
14 9 5 1 7 4 6 2 5 3 0
14 8 6 1 7 4 6 2 5 0 3
13 7 6 3 7 4 6 2 1 5 0
13 7 6 1 7 4 6 2 0 5 3
11 4 7 0 7 4 6 2 1 5 3
11 3 8 2 7 4 6 0 1 5 3
9 1 8 2 7 0 6 3 1 4 5
9 1 8 2 7 4 6 3 0 1 5
8 1 7 2 7 4 6 3 1 5 0
8 0 8 2 7 4 6 3 1 0 5
