22 20 2 1 3 5 0 2 4 6 7
21 18 3 0 3 5 1 2 4 6 7
17 15 2 7 3 5 1 2 4 6 0
18 14 4 7 3 5 1 2 4 0 6
18 14 4 6 3 0 7 2 4 5 1
18 14 4 6 3 5 7 2 0 4 1
17 13 4 6 3 5 0 2 4 1 7
19 15 4 6 3 0 7 2 4 1 5
18 14 4 6 3 5 7 0 4 1 2
15 12 3 2 3 5 7 6 4 1 0
14 10 4 2 3 5 7 0 4 1 6
16 12 4 4 3 5 7 2 0 1 6
15 12 3 7 3 5 6 2 4 1 0
15 11 4 7 3 5 0 2 4 1 6
16 13 3 6 3 5 7 2 4 0 1
14 12 2 6 3 5 7 2 4 1 0
12 9 3 0 3 5 7 2 4 1 6
12 8 4 3 0 5 7 2 4 1 6
12 7 5 3 4 5 7 2 0 1 6
13 8 5 3 4 5 7 6 2 1 0
12 6 6 3 4 5 7 0 2 1 6
10 3 7 3 4 5 0 7 2 1 6
8 1 7 4 2 5 3 7 0 1 6
10 4 6 6 4 5 3 7 2 1 0
8 1 7 0 4 5 3 7 2 1 6
7 0 7 4 0 5 3 7 2 1 6
